0.22 0.09380 49.49
0.23 0.09450 49.47
0.23 0.09530 49.47
0.23 0.09450 49.47
0.23 0.09450 49.47
0.24 0.09410 49.47
0.26 0.09530 49.47
0.32 0.09450 49.49
0.37 0.09490 49.49
0.45 0.09490 49.53
0.57 0.09490 49.53
0.66 0.09450 49.56
0.79 0.09410 49.56
0.89 0.09450 49.60
1.04 0.09450 49.63
1.15 0.09410 49.63
1.32 0.09450 49.64
1.50 0.09410 49.64
1.61 0.09410 49.68
1.76 0.09450 49.68
1.85 0.09450 49.66
1.98 0.09450 49.66
2.08 0.09410 49.69
2.20 0.09450 49.68
2.27 0.09450 49.68
2.39 0.09450 49.69
2.50 0.09490 49.69
2.57 0.09410 49.66
2.67 0.09450 49.66
2.73 0.09450 49.70
2.82 0.09450 49.70
2.89 0.09450 49.72
2.97 0.09410 49.72
3.07 0.09490 49.74
3.13 0.09450 49.72
3.21 0.09410 49.72
3.26 0.09450 49.76
3.34 0.09450 49.76
3.39 0.09410 49.79
3.47 0.09450 49.79
3.52 0.09410 49.83
3.59 0.09450 49.83
3.67 0.09450 49.84
3.72 0.09450 49.84
3.79 0.09410 49.83
3.83 0.09450 49.83
3.90 0.09530 49.80
3.95 0.09530 49.80
4.01 0.09410 49.80
4.09 0.09450 49.79
4.13 0.09450 49.79
4.20 0.09410 49.79
4.25 0.09410 49.79
4.31 0.09410 49.76
4.35 0.09450 49.76
4.41 0.09450 49.76
4.45 0.09450 49.76
4.52 0.09380 49.78
4.58 0.09380 49.78
4.63 0.09450 49.79
4.69 0.09530 49.81
4.73 0.09450 49.81
4.79 0.09410 49.85
4.83 0.09410 49.85
4.89 0.09490 49.86
4.95 0.09410 49.86
5.00 0.09450 49.88
5.06 0.09410 49.88
5.10 0.09450 49.86
5.16 0.09410 49.86
5.20 0.09410 49.85
5.25 0.09490 49.85
5.29 0.09410 49.88
5.35 0.09410 49.88
5.42 0.09410 49.86
5.45 0.09450 49.86
5.52 0.09490 49.86
5.55 0.09450 49.86
5.61 0.09410 49.89
5.66 0.09410 49.89
5.71 0.09450 49.90
5.77 0.09530 49.94
5.82 0.09450 49.94
5.87 0.09450 49.97
5.91 0.09410 49.97
5.97 0.09450 49.97
6.00 0.09410 49.97
6.06 0.09410 50.01
6.10 0.09410 50.01
6.15 0.09410 50.01
6.23 0.09410 50.01
6.26 0.09410 50.06
6.31 0.09450 50.06
6.35 0.09410 50.09
6.41 0.09380 50.09
6.45 0.09410 50.10
6.50 0.09380 50.10
6.57 0.09380 50.11
6.60 0.09410 50.11
6.66 0.09410 50.15
6.70 0.09450 50.15
6.76 0.09450 50.16
6.79 0.09340 50.16
6.85 0.09410 50.21
6.89 0.09410 50.21
6.94 0.09340 50.21
7.01 0.09450 50.21
7.05 0.09380 50.25
7.10 0.09450 50.30
7.14 0.09410 50.30
7.19 0.09410 50.33
7.23 0.09380 50.33
7.29 0.09410 50.34
7.35 0.09450 50.36
7.39 0.09410 50.36
7.44 0.09410 50.39
7.48 0.09380 50.39
7.54 0.09380 50.39
7.58 0.09410 50.39
7.63 0.09380 50.40
7.67 0.09410 50.40
7.73 0.09410 50.40
7.79 0.09410 50.44
7.83 0.09380 50.44
7.89 0.09410 50.44
7.92 0.09380 50.44
7.97 0.09340 50.45
8.02 0.09410 50.45
8.07 0.09380 50.44
8.13 0.09410 50.44
8.17 0.09410 50.45
8.23 0.09450 50.50
8.26 0.09490 50.50
8.32 0.09410 50.53
8.35 0.09410 50.53
8.42 0.09450 50.54
8.45 0.09450 50.54
8.51 0.09410 50.55
8.57 0.09410 50.55
8.61 0.09410 50.55
8.66 0.09410 50.55
8.70 0.09410 50.58
8.76 0.09410 50.61
8.80 0.09410 50.61
8.85 0.09380 50.64
8.92 0.09380 50.64
8.95 0.09450 50.68
9.01 0.09410 50.68
9.04 0.09410 50.74
9.10 0.09410 50.74
9.14 0.09410 50.79
9.19 0.09450 50.79
9.23 0.09490 50.78
9.28 0.09450 50.78
9.35 0.09450 50.80
9.38 0.09450 50.79
9.44 0.09410 50.79
9.48 0.09410 50.83
9.53 0.09380 50.83
9.57 0.09380 50.83
9.63 0.09380 50.83
9.69 0.09410 50.83
9.73 0.09380 50.83
9.78 0.09410 50.84
9.82 0.09410 50.84
9.88 0.09380 50.88
9.91 0.09450 50.86
9.97 0.09380 50.86
10.00 0.09410 50.85
10.06 0.09380 50.85
10.12 0.09380 50.86
10.16 0.09380 50.86
10.22 0.09410 50.88
10.25 0.09410 50.88
10.31 0.09450 50.86
10.35 0.09450 50.85
10.40 0.09410 50.85
10.47 0.09410 50.86
10.50 0.09410 50.86
10.56 0.09410 50.85
10.60 0.09410 50.83
10.66 0.09410 50.83
10.69 0.09410 50.76
10.74 0.09490 50.76
10.79 0.09380 50.74
10.84 0.09410 50.74
10.90 0.09380 50.71
10.94 0.09490 50.72
10.99 0.09380 50.72
11.04 0.09380 50.70
11.09 0.09410 50.70
11.13 0.09410 50.70
11.18 0.09410 50.70
11.24 0.09380 50.70
11.28 0.09410 50.70
11.34 0.09380 50.71
11.37 0.09450 50.71
11.43 0.09380 50.71
11.47 0.09450 50.71
11.52 0.09380 50.71
11.56 0.09410 50.70
11.62 0.09380 50.70
11.68 0.09380 50.70
11.71 0.09380 50.70
11.77 0.09380 50.71
11.82 0.09380 50.69
11.87 0.09410 50.69
11.90 0.09380 50.68
11.95 0.09410 50.68
12.02 0.09340 50.69
12.06 0.09380 50.69
12.12 0.09340 50.69
12.15 0.09340 50.68
12.20 0.09220 50.68
12.24 0.09150 50.66
12.30 0.09190 50.66
12.34 0.09150 50.66
12.39 0.09110 50.66
12.46 0.09000 50.69
12.50 0.08960 50.70
12.55 0.08930 50.70
12.59 0.08780 50.70
12.64 0.08700 50.70
12.68 0.08550 50.71
12.74 0.08440 50.71
12.79 0.08250 50.75
12.84 0.07990 50.75
12.89 0.07730 50.78
12.93 0.07420 50.78
12.98 0.07200 50.75
13.02 0.06830 50.74
13.08 0.06490 50.74
13.11 0.06110 50.75
13.16 0.05740 50.75
13.23 0.05210 50.76
13.27 0.04610 50.76
13.32 0.04200 50.74
13.36 0.03530 50.75
13.42 0.03080 50.75
13.45 0.02400 50.72
13.51 0.01950 50.72
13.57 0.01200 50.74
13.61 0.00260 50.74
13.67 -0.00450 50.74
13.70 -0.01270 50.74
13.76 -0.02140 50.74
13.80 -0.03220 50.75
13.85 -0.04050 50.75
13.89 -0.05180 50.74
13.94 -0.06150 50.74
14.01 -0.07390 50.74
14.04 -0.08960 50.74
14.10 -0.10160 50.72
14.14 -0.11770 50.72
14.19 -0.12820 50.72
14.23 -0.14590 50.71
14.29 -0.15790 50.71
14.35 -0.17700 50.70
14.39 -0.19760 50.70
14.44 -0.21190 50.68
14.48 -0.23510 50.68
14.54 -0.25050 50.64
14.57 -0.27410 50.64
14.63 -0.29140 50.63
14.67 -0.31840 50.63
14.72 -0.33450 50.63
14.79 -0.36000 50.61
14.82 -0.39260 50.61
14.88 -0.41360 50.58
14.91 -0.44100 50.58
14.97 -0.46460 50.56
15.01 -0.49420 50.56
15.06 -0.51860 50.58
15.13 -0.55910 50.55
15.16 -0.59700 50.55
15.22 -0.62060 50.55
15.26 -0.66000 50.55
15.31 -0.68660 50.54
15.35 -0.73090 50.51
15.40 -0.75710 50.51
15.44 -0.79910 50.51
15.50 -0.82720 50.51
15.56 -0.87260 50.49
15.60 -0.92400 50.49
15.66 -0.96380 50.49
15.69 -1.01850 50.49
15.75 -1.05640 50.46
15.79 -1.11640 50.43
15.84 -1.15310 50.43
15.90 -1.20750 50.41
15.94 -1.27650 50.41
16.00 -1.32520 50.39
16.03 -1.38670 50.39
16.09 -1.44000 50.39
16.12 -1.51090 50.36
16.18 -1.56220 50.36
16.22 -1.63720 50.38
16.28 -1.69270 50.38
16.34 -1.77640 50.36
16.38 -1.87950 50.36
16.43 -1.93650 50.36
16.47 -2.03060 50.34
16.52 -2.09660 50.34
