0.17 0.09450 90.27
0.17 0.09410 90.27
0.17 0.09410 90.26
0.17 0.09450 90.26
0.17 0.09450 90.27
0.19 0.09410 90.27
0.20 0.09410 90.29
0.25 0.09410 90.29
0.30 0.09410 90.32
0.39 0.09410 90.36
0.51 0.09410 90.36
0.59 0.09410 90.37
0.72 0.09410 90.37
0.82 0.09410 90.39
0.97 0.09380 90.39
1.07 0.09380 90.41
1.23 0.09450 90.40
1.42 0.09380 90.40
1.53 0.09380 90.40
1.68 0.09410 90.40
1.78 0.09380 90.39
1.91 0.09410 90.39
2.00 0.09380 90.35
2.12 0.09410 90.35
2.19 0.09380 90.29
2.31 0.09450 90.24
2.44 0.09380 90.24
2.51 0.09410 90.24
2.61 0.09380 90.24
2.67 0.09380 90.24
2.76 0.09410 90.24
2.82 0.09410 90.21
2.92 0.09410 90.21
3.01 0.09410 90.26
3.07 0.09410 90.26
3.14 0.09410 90.26
3.20 0.09410 90.26
3.28 0.09410 90.24
3.33 0.09450 90.24
3.41 0.09450 90.22
3.46 0.09450 90.19
3.53 0.09450 90.19
3.61 0.09450 90.16
3.66 0.09450 90.16
3.73 0.09450 90.15
3.78 0.09450 90.15
3.85 0.09450 90.14
3.89 0.09450 90.07
3.97 0.09410 90.07
4.03 0.09410 90.04
4.08 0.09380 90.04
4.15 0.09450 90.02
4.19 0.09410 90.02
4.26 0.09490 90.02
4.30 0.09410 90.04
4.36 0.09380 90.04
4.40 0.09410 90.01
4.47 0.09450 90.01
4.54 0.09380 90.04
4.57 0.09410 90.04
4.63 0.09410 90.06
4.68 0.09410 90.06
4.74 0.09410 90.09
4.78 0.09410 90.09
4.84 0.09380 90.07
4.91 0.09490 90.07
4.95 0.09410 90.07
5.01 0.09410 90.07
5.05 0.09410 90.07
5.11 0.09410 90.07
5.15 0.09410 90.05
5.21 0.09450 90.06
5.24 0.09410 90.06
5.31 0.09380 90.05
5.37 0.09410 90.05
5.41 0.09410 90.05
5.47 0.09380 90.05
5.51 0.09410 90.04
5.57 0.09410 90.04
5.60 0.09410 90.00
5.66 0.09410 90.00
5.73 0.09410 89.97
5.77 0.09410 89.97
5.81 0.09380 89.94
5.86 0.09380 89.94
5.92 0.09450 89.95
5.96 0.09410 89.91
6.01 0.09410 89.91
6.05 0.09410 89.86
6.11 0.09380 89.86
6.18 0.09380 89.84
6.21 0.09410 89.84
6.26 0.09380 89.79
6.30 0.09380 89.79
6.36 0.09380 89.74
6.41 0.09490 89.70
6.46 0.09410 89.70
6.52 0.09410 89.65
6.56 0.09410 89.65
6.61 0.09410 89.60
6.65 0.09380 89.60
6.71 0.09410 89.57
6.75 0.09410 89.57
6.80 0.09450 89.55
6.84 0.09450 89.55
6.89 0.09450 89.51
6.96 0.09410 89.51
6.99 0.09410 89.47
7.05 0.09410 89.47
7.09 0.09450 89.43
7.15 0.09450 89.40
7.19 0.09410 89.40
7.24 0.09410 89.35
7.30 0.09410 89.35
7.35 0.09410 89.32
7.40 0.09410 89.32
7.44 0.09410 89.31
7.49 0.09410 89.31
7.53 0.09450 89.31
7.58 0.09450 89.31
7.62 0.09410 89.30
7.68 0.09410 89.30
7.74 0.09450 89.29
7.78 0.09450 89.30
7.83 0.09380 89.30
7.87 0.09410 89.27
7.93 0.09450 89.27
7.97 0.09410 89.24
8.02 0.09380 89.24
8.09 0.09380 89.21
8.12 0.09410 89.21
8.18 0.09450 89.22
8.21 0.09450 89.20
8.27 0.09410 89.20
8.31 0.09450 89.21
8.37 0.09410 89.21
8.40 0.09380 89.18
8.45 0.09410 89.18
8.52 0.09450 89.11
8.56 0.09410 89.11
8.61 0.09340 89.07
8.65 0.09410 89.07
8.71 0.09410 89.06
8.75 0.09450 89.06
8.80 0.09410 89.06
8.86 0.09410 89.02
8.90 0.09410 89.02
8.95 0.09410 88.99
8.99 0.09410 88.99
9.05 0.09380 88.97
9.08 0.09410 88.97
9.14 0.09410 88.96
9.17 0.09410 88.96
9.24 0.09450 88.96
9.30 0.09380 88.96
9.33 0.09410 88.94
9.38 0.09410 88.94
9.43 0.09410 88.93
9.48 0.09410 88.91
9.52 0.09410 88.91
9.58 0.09380 88.86
9.63 0.09410 88.86
9.68 0.09410 88.87
9.74 0.09410 88.87
9.77 0.09380 88.89
9.82 0.09410 88.89
9.86 0.09410 88.89
9.92 0.09410 88.89
9.95 0.09380 88.87
10.01 0.09450 88.89
10.07 0.09340 88.89
10.10 0.09410 88.86
10.16 0.09450 88.86
10.21 0.09410 88.87
10.26 0.09410 88.87
10.30 0.09410 88.91
10.35 0.09450 88.93
10.41 0.09410 88.93
10.45 0.09410 88.94
10.51 0.09410 88.94
10.54 0.09490 88.94
10.60 0.09410 88.94
10.63 0.09340 88.96
10.69 0.09450 88.97
10.73 0.09410 88.97
10.79 0.09380 89.00
10.85 0.09410 89.00
10.88 0.09380 89.00
10.94 0.09410 89.00
10.98 0.09410 88.99
11.03 0.09410 88.99
11.08 0.09410 88.97
11.13 0.09380 88.97
11.19 0.09380 88.96
11.23 0.09340 88.93
11.28 0.09340 88.93
11.32 0.09410 88.94
11.38 0.09300 88.94
11.41 0.09220 88.93
11.47 0.09190 88.93
11.51 0.09110 88.93
11.57 0.09070 88.94
11.62 0.09040 88.94
11.66 0.08890 88.93
11.71 0.08930 88.93
11.75 0.08890 88.91
11.81 0.08740 88.91
11.85 0.08700 88.93
11.91 0.08630 88.93
11.96 0.08470 88.93
12.01 0.08400 88.94
12.06 0.08250 88.94
12.09 0.08100 88.93
12.15 0.07950 88.93
12.19 0.07730 88.94
12.24 0.07650 88.94
12.28 0.07390 88.94
12.33 0.07130 88.94
12.40 0.06750 88.94
12.43 0.06380 88.94
12.49 0.05960 88.96
12.53 0.05290 88.97
12.58 0.04840 88.97
12.63 0.04090 89.00
12.68 0.03450 89.00
12.73 0.02480 89.02
12.77 0.01390 89.02
12.83 0.00490 89.02
12.87 -0.00830 89.02
12.93 -0.01760 89.06
12.96 -0.03190 89.06
13.02 -0.04240 89.12
13.06 -0.05660 89.12
13.12 -0.06940 89.16
13.17 -0.08810 89.19
13.21 -0.10760 89.19
13.27 -0.12110 89.19
13.30 -0.14290 89.19
13.37 -0.15790 89.18
13.40 -0.18190 89.18
13.45 -0.20210 89.19
13.51 -0.23100 89.19
13.55 -0.26960 89.21
13.61 -0.29550 89.22
13.65 -0.33150 89.22
13.70 -0.36080 89.25
13.74 -0.40350 89.25
13.79 -0.43650 89.25
13.83 -0.48900 89.25
13.89 -0.52430 89.29
13.95 -0.58570 89.29
13.99 -0.65630 89.30
14.04 -0.70990 89.31
14.08 -0.78190 89.31
14.13 -0.83740 89.31
14.17 -0.92030 89.31
14.21 -0.99040 89.25
14.26 -2.98610 89.25
14.30 -2.98610 89.25
14.36 -2.98730 89.25
14.39 -2.98690 89.25
14.45 -2.98690 89.26
14.49 -2.98610 89.26
14.54 -2.98610 89.29
14.58 -2.98610 89.29
14.63 -2.98650 89.29
14.69 -2.98650 89.29
14.74 -2.98570 89.26
14.78 -2.98650 89.26
14.83 -2.98650 89.27
14.88 -2.98610 89.27
14.92 -2.98650 89.29
14.98 -2.98730 89.31
15.03 -2.98610 89.31
15.07 -2.98650 89.32
15.13 -2.98650 89.32
15.17 -2.98650 89.34
15.22 -2.98650 89.34
15.26 -2.98570 89.32
15.31 -2.98650 89.32
15.35 -2.98610 89.35
15.41 -2.98760 89.37
15.47 -2.98650 89.37
15.51 -2.98610 89.41
15.56 -2.98570 89.41
15.60 -2.98610 89.43
15.66 -2.98570 89.43
15.69 -2.98610 89.44
15.75 -2.98760 89.46
15.80 -2.98610 89.46
15.85 -2.98610 89.47
15.91 -2.98570 89.47
15.94 -2.98650 89.55
15.99 -2.98610 89.55
16.03 -2.98610 89.57
16.09 -2.98650 89.57
16.12 -2.98570 89.59
16.18 -2.98730 89.60
16.25 -2.98610 89.60
16.28 -2.98610 89.61
16.33 -2.98610 89.61
16.37 -2.98610 89.62
16.43 -2.98610 89.62
16.47 -2.98610 89.65
