0.19 0.09380 69.79
0.19 0.09410 69.79
0.19 0.09410 69.79
0.19 0.09410 69.79
0.19 0.09380 69.80
0.20 0.09340 69.80
0.22 0.09380 69.79
0.28 0.09410 69.79
0.32 0.09380 69.80
0.41 0.09410 69.81
0.53 0.09380 69.81
0.61 0.09380 69.87
0.74 0.09380 69.87
0.84 0.09410 69.87
0.99 0.09380 69.87
1.10 0.09450 69.90
1.27 0.09410 69.94
1.45 0.09450 69.94
1.56 0.09380 69.96
1.71 0.09410 69.96
1.80 0.09380 70.01
1.93 0.09450 70.01
2.03 0.09380 70.01
2.15 0.09410 70.02
2.23 0.09380 70.02
2.33 0.09380 70.07
2.46 0.09410 70.07
2.53 0.09410 70.10
2.63 0.09410 70.10
2.69 0.09380 70.12
2.78 0.09410 70.12
2.84 0.09380 70.15
2.93 0.09380 70.15
3.03 0.09410 70.15
3.09 0.09380 70.15
3.16 0.09380 70.15
3.22 0.09380 70.15
3.30 0.09380 70.18
3.35 0.09380 70.18
3.43 0.09340 70.19
3.48 0.09380 70.19
3.55 0.09410 70.22
3.64 0.09410 70.22
3.68 0.09450 70.25
3.75 0.09340 70.25
3.80 0.09410 70.25
3.86 0.09380 70.25
3.91 0.09380 70.25
3.98 0.09340 70.25
4.05 0.09340 70.24
4.10 0.09380 70.24
4.17 0.09380 70.26
4.21 0.09380 70.27
4.27 0.09340 70.27
4.32 0.09340 70.25
4.38 0.09380 70.25
4.42 0.09380 70.26
4.48 0.09380 70.26
4.55 0.09380 70.24
4.60 0.09490 70.26
4.66 0.09380 70.26
4.70 0.09380 70.25
4.76 0.09380 70.25
4.80 0.09380 70.22
4.86 0.09380 70.22
4.93 0.09450 70.22
4.97 0.09380 70.22
5.03 0.09410 70.20
5.07 0.09380 70.20
5.12 0.09450 70.14
5.16 0.09300 70.14
5.23 0.09380 70.11
5.26 0.09380 70.11
5.32 0.09410 70.12
5.38 0.09340 70.12
5.42 0.09300 70.10
5.48 0.09380 70.11
5.53 0.09380 70.11
5.58 0.09340 70.11
5.62 0.09340 70.11
5.68 0.09380 70.12
5.74 0.09380 70.12
5.78 0.09340 70.14
5.84 0.09380 70.14
5.88 0.09380 70.12
5.94 0.09340 70.12
5.97 0.09340 70.12
6.03 0.09410 70.11
6.07 0.09380 70.11
6.13 0.09380 70.12
6.19 0.09410 70.12
6.23 0.09380 70.11
6.28 0.09340 70.11
6.32 0.09380 70.09
6.38 0.09380 70.09
6.42 0.09410 70.07
6.48 0.09410 70.07
6.54 0.09380 70.07
6.58 0.09380 70.06
6.64 0.09340 70.06
6.67 0.09340 70.09
6.73 0.09490 70.09
6.77 0.09410 70.06
6.82 0.09410 70.11
6.86 0.09380 70.11
6.91 0.09380 70.14
6.98 0.09380 70.14
7.01 0.09380 70.15
7.07 0.09380 70.15
7.11 0.09380 70.15
7.16 0.09380 70.15
7.20 0.09410 70.18
7.26 0.09380 70.15
7.32 0.09380 70.15
7.36 0.09340 70.16
7.41 0.09380 70.16
7.45 0.09380 70.16
7.51 0.09380 70.16
7.55 0.09410 70.19
7.60 0.09410 70.19
7.64 0.09410 70.20
7.70 0.09380 70.22
7.76 0.09380 70.22
7.80 0.09340 70.22
7.85 0.09380 70.22
7.89 0.09410 70.21
7.94 0.09340 70.21
7.99 0.09380 70.24
8.04 0.09450 70.26
8.10 0.09410 70.26
8.14 0.09380 70.29
8.19 0.09380 70.29
8.23 0.09340 70.24
8.29 0.09410 70.24
8.33 0.09380 70.24
8.39 0.09410 70.24
8.42 0.09340 70.24
8.47 0.09450 70.25
8.54 0.09340 70.25
8.57 0.09380 70.22
8.63 0.09410 70.25
8.67 0.09380 70.25
8.72 0.09410 70.25
8.76 0.09340 70.25
8.82 0.09410 70.21
8.88 0.09450 70.21
8.92 0.09380 70.21
8.97 0.09340 70.20
9.01 0.09410 70.20
9.07 0.09380 70.18
9.11 0.09380 70.18
9.15 0.09380 70.12
9.19 0.09380 70.12
9.26 0.09380 70.11
9.32 0.09380 70.11
9.35 0.09380 70.10
9.41 0.09380 70.07
9.44 0.09410 70.07
9.50 0.09410 70.06
9.54 0.09300 70.06
9.59 0.09380 70.04
9.65 0.09340 70.04
9.69 0.09410 70.00
9.75 0.09410 69.99
9.79 0.09380 69.99
9.84 0.09380 69.99
9.88 0.09380 69.99
9.94 0.09410 70.02
9.97 0.09380 70.02
10.03 0.09410 70.02
10.09 0.09410 70.01
10.13 0.09380 70.01
10.18 0.09410 70.02
10.22 0.09410 70.02
10.28 0.09340 70.04
10.32 0.09380 70.02
10.37 0.09380 70.02
10.43 0.09410 70.04
10.47 0.09410 70.04
10.53 0.09380 70.07
10.56 0.09380 70.07
10.62 0.09380 70.06
10.65 0.09340 70.06
10.71 0.09410 70.09
10.75 0.09410 70.07
10.80 0.09380 70.07
10.87 0.09380 70.12
10.90 0.09340 70.12
10.96 0.09410 70.10
11.00 0.09380 70.10
11.05 0.09410 70.11
11.09 0.09380 70.12
11.15 0.09380 70.12
11.21 0.09340 70.15
11.25 0.09380 70.15
11.30 0.09340 70.20
11.34 0.09410 70.20
11.40 0.09380 70.22
11.44 0.09380 70.25
11.49 0.09380 70.25
11.53 0.09340 70.25
11.59 0.09380 70.25
11.64 0.09340 70.26
11.68 0.09340 70.29
11.73 0.09340 70.29
11.77 0.09260 70.32
11.83 0.09190 70.32
11.86 0.09110 70.30
11.92 0.09040 70.30
11.98 0.08960 70.31
12.02 0.08960 70.31
12.08 0.08890 70.35
12.11 0.08890 70.35
12.17 0.08780 70.35
12.21 0.08700 70.36
12.26 0.08590 70.36
12.30 0.08470 70.39
12.36 0.08400 70.39
12.42 0.08210 70.41
12.46 0.07990 70.45
12.51 0.07760 70.45
12.55 0.07500 70.46
12.61 0.07160 70.46
12.64 0.06750 70.49
12.70 0.06450 70.49
12.77 0.05850 70.49
12.80 0.05180 70.49
12.85 0.04650 70.49
12.89 0.03750 70.47
12.95 0.03220 70.47
12.98 0.02210 70.45
13.04 0.01540 70.46
13.08 0.00450 70.46
13.13 -0.00300 70.43
13.19 -0.01540 70.43
13.23 -0.02770 70.44
13.29 -0.03750 70.44
13.33 -0.05140 70.41
13.38 -0.06380 70.41
13.42 -0.07880 70.41
13.47 -0.09040 70.40
13.54 -0.10880 70.40
13.57 -0.13240 70.40
13.63 -0.14700 70.39
13.66 -0.17020 70.39
13.72 -0.18640 70.37
13.76 -0.21190 70.37
13.81 -0.23210 70.37
13.85 -0.26250 70.36
13.91 -0.28280 70.36
13.97 -0.31540 70.35
14.01 -0.35360 70.35
14.06 -0.37990 70.30
14.10 -0.41850 70.30
14.15 -0.44890 70.29
14.19 -0.49870 70.25
14.25 -0.52990 70.25
14.31 -0.57530 70.24
14.35 -0.63190 70.24
14.40 -0.67730 70.24
14.44 -0.73720 70.22
14.50 -0.78040 70.22
14.54 -0.84230 70.24
14.59 -0.89180 70.24
14.63 -0.96600 70.25
14.68 -1.02230 70.25
14.75 -1.10740 70.21
14.79 -1.21650 70.25
14.84 -1.27390 70.25
14.87 -1.37960 70.25
14.93 -1.45650 70.25
14.97 -1.57990 70.27
15.02 -1.67810 70.27
14.96 -1.81800 70.25
15.10 -2.98690 70.25
15.15 -2.98690 70.25
15.19 -2.98690 70.25
15.24 -2.98690 70.26
15.28 -2.98610 70.27
15.34 -2.98650 70.27
15.37 -2.98690 70.27
15.43 -2.98650 70.27
15.49 -2.98690 70.25
15.53 -2.98650 70.25
15.59 -2.98650 70.26
15.62 -2.98760 70.27
15.68 -2.98650 70.27
15.72 -2.98650 70.32
15.77 -2.98650 70.32
15.83 -2.98650 70.36
15.87 -2.98650 70.36
15.93 -2.98650 70.37
15.97 -2.98800 70.43
16.02 -2.98650 70.43
16.06 -2.98690 70.45
16.11 -2.98650 70.45
16.15 -2.98690 70.45
16.21 -2.98650 70.45
16.27 -2.98650 70.46
16.31 -2.98760 70.49
16.36 -2.98650 70.49
16.40 -2.98650 70.51
16.45 -2.98650 70.51
16.50 -2.98690 70.50
