0.26 0.10580 179.99
0.25 0.10610 179.99
0.20 0.10580 179.95
0.19 0.10610 179.95
0.27 0.10580 179.93
0.19 0.10580 179.93
0.28 0.10580 179.94
0.30 0.10580 179.93
0.28 0.10580 179.93
0.38 0.10580 179.91
0.45 0.10610 179.91
0.44 0.10610 179.95
0.59 0.10610 179.94
0.58 0.10580 179.94
0.68 0.10580 179.94
0.80 0.10540 179.94
0.86 0.10580 179.93
1.07 0.10610 179.93
1.09 0.10580 179.86
1.21 0.10610 179.88
1.30 0.10580 179.88
1.48 0.10580 179.85
1.55 0.10580 179.85
1.73 0.10580 179.80
1.76 0.10610 179.80
1.92 0.10580 179.83
2.04 0.10610 179.79
2.15 0.10580 179.79
2.23 0.10580 179.79
2.37 0.10580 179.79
2.42 0.10610 179.75
2.49 0.10610 179.75
2.59 0.10580 179.74
2.77 0.10580 179.74
2.83 0.10540 179.73
2.89 0.10610 179.73
2.93 0.10580 179.74
3.09 0.10580 179.74
3.16 0.10580 179.76
3.19 0.10610 179.77
3.22 0.10610 179.77
3.37 0.10580 179.77
3.40 0.10580 179.77
3.49 0.10580 179.80
3.55 0.10610 179.80
3.62 0.10610 179.80
3.74 0.10610 179.75
3.73 0.10580 179.75
3.84 0.10580 179.73
3.94 0.10580 179.73
3.93 0.10540 179.70
4.04 0.10610 179.71
4.07 0.10580 179.71
4.21 0.10580 179.74
4.19 0.10580 179.74
4.24 0.10580 179.71
4.28 0.10610 179.71
4.44 0.10580 179.71
4.48 0.10610 179.75
4.48 0.10580 179.75
4.63 0.10580 179.75
4.60 0.10650 179.75
4.69 0.10650 179.76
4.73 0.10580 179.76
4.76 0.10610 179.74
4.84 0.10580 179.74
4.97 0.10650 179.74
4.99 0.10610 179.74
5.07 0.10580 179.75
5.06 0.10610 179.75
5.17 0.10610 179.75
5.21 0.10610 179.75
5.28 0.10610 179.75
5.27 0.10610 179.77
5.42 0.10610 179.77
5.39 0.10610 179.77
5.44 0.10610 179.77
5.50 0.10650 179.77
5.56 0.10610 179.77
5.67 0.10650 179.76
5.66 0.10650 179.76
5.81 0.10650 179.77
5.83 0.10650 179.81
5.91 0.10650 179.81
5.87 0.10650 179.84
5.93 0.10690 179.84
5.98 0.10690 179.86
6.11 0.10690 179.84
6.08 0.10690 179.84
6.21 0.10650 179.83
6.21 0.10720 179.83
6.33 0.10720 179.84
6.35 0.10720 179.84
6.41 0.10760 179.80
6.48 0.10720 179.80
6.46 0.10760 179.80
6.59 0.10690 179.77
6.57 0.10720 179.77
6.61 0.10760 179.77
6.68 0.10720 179.77
6.76 0.10760 179.80
6.77 0.10720 179.80
6.86 0.10720 179.80
6.95 0.10720 179.80
6.92 0.10760 179.77
6.99 0.10800 179.77
7.10 0.10720 179.77
7.15 0.10720 179.76
7.22 0.10760 179.76
7.24 0.10760 179.73
7.27 0.10760 179.73
7.36 0.10720 179.73
7.42 0.10760 179.73
7.47 0.10720 179.73
7.52 0.10720 179.73
7.54 0.10720 179.73
7.62 0.10720 179.71
7.61 0.10720 179.71
7.71 0.10720 179.71
7.76 0.10720 179.73
7.76 0.10690 179.73
7.81 0.10720 179.71
7.95 0.10690 179.71
7.96 0.10690 179.74
8.04 0.10690 179.74
8.08 0.10650 179.75
8.12 0.10760 179.75
8.15 0.10650 179.75
8.17 0.10610 179.79
8.23 0.10610 179.79
8.27 0.10650 179.80
8.40 0.10650 179.80
8.44 0.10650 179.84
8.47 0.10720 179.85
8.55 0.10690 179.85
8.60 0.10650 179.86
8.65 0.10650 179.86
8.69 0.10650 179.91
8.71 0.10650 179.91
8.81 0.10610 179.96
8.83 0.10650 179.96
8.83 0.10650 180.00
8.95 0.10690 180.00
8.93 0.10650 180.04
9.06 0.10650 180.04
9.07 0.10650 180.08
9.10 0.10690 180.08
9.22 0.10650 180.09
9.27 0.10690 180.09
9.27 0.10650 180.13
9.36 0.10690 180.13
9.37 0.10720 180.16
9.40 0.10690 180.16
9.44 0.10720 180.18
9.58 0.10760 180.20
9.65 0.10690 180.20
9.61 0.10760 180.21
9.73 0.10760 180.21
9.75 0.10760 180.23
9.79 0.10800 180.23
9.83 0.10760 180.23
9.91 0.10760 180.23
10.01 0.10800 180.25
10.06 0.10840 180.27
10.03 0.10880 180.27
10.15 0.10800 180.29
10.13 0.10840 180.29
10.24 0.10910 180.29
10.21 0.10910 180.29
10.28 0.10950 180.27
10.42 0.10990 180.30
10.47 0.10950 180.30
10.44 0.10990 180.33
10.54 0.10990 180.33
10.57 0.10950 180.30
10.63 0.11030 180.30
10.71 0.11060 180.29
10.70 0.11060 180.29
10.82 0.11100 180.25
10.80 0.11140 180.25
10.84 0.11180 180.24
10.96 0.11180 180.24
10.93 0.11210 180.23
11.07 0.11210 180.23
11.08 0.11250 180.25
11.11 0.11330 180.23
11.15 0.11290 180.23
11.23 0.11290 180.20
11.33 0.11360 180.20
11.37 0.11330 180.20
11.36 0.11330 180.20
11.47 0.11360 180.20
11.49 0.11360 180.20
11.52 0.11360 180.21
11.56 0.11330 180.23
11.69 0.11290 180.23
11.74 0.11330 180.25
11.79 0.11290 180.25
11.82 0.11250 180.24
11.82 0.11250 180.23
11.87 0.11210 180.23
11.99 0.11180 180.25
12.04 0.11180 180.25
12.09 0.11140 180.26
12.11 0.11100 180.26
12.19 0.11100 180.30
12.18 0.11060 180.30
12.28 0.11030 180.33
12.35 0.11030 180.33
12.41 0.11030 180.33
12.39 0.10910 180.36
12.45 0.10880 180.36
12.54 0.10910 180.40
12.54 0.10840 180.40
12.57 0.10800 180.45
12.70 0.10840 180.48
12.68 0.10800 180.48
12.81 0.10800 180.51
12.80 0.10800 180.51
12.90 0.10760 180.51
12.93 0.10760 180.51
12.94 0.10690 180.52
13.07 0.10760 180.52
13.10 0.10690 180.56
13.10 0.10720 180.59
13.24 0.10690 180.59
13.20 0.10690 180.60
13.33 0.10720 180.60
13.28 0.10690 180.58
13.35 0.10650 180.58
13.42 0.10650 180.59
13.45 0.10690 180.59
13.55 0.10720 180.60
13.62 0.10690 180.60
13.63 0.10690 180.63
13.66 0.10720 180.63
13.71 0.10690 180.63
13.79 0.10720 180.63
13.88 0.10720 180.63
13.93 0.10760 180.63
13.98 0.10760 180.63
13.97 0.10800 180.61
14.03 0.10800 180.61
14.14 0.10840 180.56
14.16 0.10840 180.56
14.18 0.10880 180.55
14.23 0.10840 180.55
14.29 0.10950 180.54
14.35 0.10950 180.54
14.37 0.10950 180.50
14.51 0.10950 180.50
14.48 0.11030 180.49
14.61 0.11060 180.49
14.65 0.11100 180.48
14.64 0.11140 180.46
14.70 0.11180 180.46
14.81 0.11180 180.43
14.86 0.11250 180.43
14.84 0.11250 180.41
14.90 0.11330 180.39
15.01 0.11400 180.39
15.00 0.11360 180.38
15.03 0.11440 180.38
15.11 0.11440 180.35
15.21 0.11510 180.35
15.25 0.11550 180.35
15.27 0.11620 180.33
15.30 0.11620 180.33
15.37 0.11740 180.31
15.44 0.11740 180.31
15.48 0.11770 180.31
15.50 0.11890 180.31
15.61 0.11890 180.31
15.67 0.12040 180.26
15.71 0.12080 180.26
15.78 0.12080 180.24
15.77 0.12150 180.24
15.88 0.12230 180.23
15.93 0.12260 180.23
15.99 0.12340 180.20
15.95 0.12380 180.15
16.08 0.12380 180.15
16.14 0.12410 180.10
16.12 0.12490 180.10
16.25 0.12520 180.06
16.22 0.12560 180.06
16.33 0.12520 180.02
16.33 0.12560 179.99
16.43 0.12560 179.99
16.50 0.12520 179.94
16.55 0.12450 179.94
16.60 0.12410 179.94
16.57 0.12300 179.91
16.70 0.12260 179.91
16.70 0.12230 179.86
16.74 0.12110 179.86
16.77 0.12040 179.85
16.86 0.11920 179.84
16.89 0.11810 179.84
16.94 0.11700 179.84
17.06 0.11660 179.84
17.05 0.11550 179.83
17.14 0.11510 179.83
17.19 0.11440 179.79
17.27 0.11330 179.79
17.32 0.11290 179.76
17.29 0.11210 179.76
17.36 0.11140 179.76
17.40 0.11100 179.77
17.52 0.11060 179.77
17.56 0.10990 179.77
17.57 0.10910 179.76
17.64 0.10880 179.76
17.66 0.10910 179.79
17.72 0.10800 179.79
17.78 0.10840 179.79
17.89 0.10800 179.80
17.84 0.10800 179.80
17.96 0.10800 179.80
17.95 0.10760 179.80
18.02 0.10690 179.80
18.14 0.10760 179.80
18.18 0.10720 179.80
18.17 0.10690 179.80
18.20 0.10720 179.80
18.26 0.10720 179.81
18.38 0.10760 179.79
18.37 0.10760 179.79
18.41 0.10760 179.80
18.46 0.10800 179.80
18.58 0.10760 179.76
18.63 0.10800 179.76
18.66 0.10800 179.75
18.73 0.10880 179.75
18.75 0.10880 179.75
18.83 0.10910 179.74
18.82 0.10910 179.74
18.95 0.11030 179.75
18.95 0.11060 179.74
19.07 0.11060 179.74
19.06 0.11140 179.73
19.16 0.11180 179.73
19.13 0.11210 179.73
19.24 0.11250 179.73
19.26 0.11360 179.70
19.28 0.11290 179.69
19.35 0.11360 179.69
19.47 0.11440 179.68
19.47 0.11550 179.68
19.56 0.11550 179.66
19.57 0.11590 179.66
19.59 0.11700 179.66
19.71 0.11770 179.66
19.72 0.11850 179.66
19.81 0.11890 179.66
19.81 0.11960 179.66
19.89 0.12110 179.68
19.97 0.12150 179.68
20.01 0.12230 179.68
20.00 0.12260 179.65
20.05 0.12340 179.65
20.16 0.12410 179.68
20.24 0.12490 179.69
20.20 0.12600 179.69
20.28 0.12710 179.74
20.36 0.12750 179.74
20.42 0.12900 179.75
20.46 0.13010 179.74
20.46 0.13050 179.74
20.61 0.13120 179.76
20.59 0.13270 179.76
20.69 0.13350 179.76
20.67 0.13500 179.77
20.76 0.13570 179.77
20.83 0.13650 179.76
20.85 0.13730 179.76
20.86 0.13760 179.75
20.99 0.13840 179.75
21.04 0.13950 179.76
21.02 0.13990 179.76
21.08 0.14060 179.76
21.20 0.14100 179.76
21.19 0.14100 179.76
21.22 0.14100 179.76
21.28 0.14020 179.79
21.42 0.14060 179.77
21.38 0.13990 179.77
21.44 0.13910 179.77
21.48 0.13800 179.77
21.61 0.13690 179.79
21.66 0.13540 179.77
21.71 0.13420 179.77
21.67 0.13270 179.80
21.81 0.13090 179.80
21.81 0.12900 179.81
21.84 0.12750 179.81
21.89 0.12600 179.83
21.98 0.12410 179.81
22.00 0.12230 179.81
22.10 0.12110 179.79
22.09 0.11960 179.79
22.16 0.11810 179.77
22.20 0.11660 179.77
22.27 0.11590 179.79
22.38 0.11480 179.76
22.36 0.11400 179.76
22.48 0.11290 179.75
22.51 0.11250 179.75
22.50 0.11140 179.74
22.55 0.11100 179.74
22.63 0.11030 179.75
22.73 0.10990 179.76
22.78 0.10910 179.76
22.76 0.10880 179.76
22.85 0.10910 179.76
22.89 0.10800 179.76
22.97 0.10800 179.76
23.01 0.10760 179.77
23.06 0.10800 179.77
23.15 0.10760 179.79
23.16 0.10760 179.80
23.18 0.10760 179.80
23.29 0.10760 179.81
23.28 0.10800 179.81
23.32 0.10800 179.81
23.45 0.10800 179.81
23.51 0.10840 179.83
23.47 0.10880 179.83
23.55 0.10910 179.84
23.58 0.10910 179.84
23.65 0.10950 179.83
23.73 0.11060 179.81
23.74 0.11060 179.81
23.79 0.11100 179.84
23.91 0.11180 179.84
23.89 0.11250 179.83
23.94 0.11330 179.83
24.01 0.11360 179.83
24.05 0.11400 179.83
24.15 0.11480 179.81
24.21 0.11620 179.84
24.19 0.11660 179.84
24.25 0.11740 179.85
24.36 0.11850 179.85
24.35 0.11920 179.86
24.39 0.12000 179.86
24.46 0.12040 179.85
24.55 0.12260 179.86
24.55 0.12260 179.86
24.62 0.12340 179.89
24.66 0.12520 179.89
24.71 0.12560 179.89
24.78 0.12790 179.89
24.82 0.12860 179.89
24.91 0.12940 179.89
24.91 0.13010 179.89
24.94 0.13160 179.90
25.01 0.13310 179.90
25.11 0.13390 179.90
25.18 0.13650 179.89
25.17 0.13690 179.89
25.25 0.13800 179.86
25.27 0.13910 179.86
25.31 0.14060 179.86
25.36 0.14170 179.86
25.44 0.14360 179.89
25.53 0.14510 179.89
25.59 0.14620 179.89
25.61 0.14850 179.85
25.69 0.14920 179.85
25.68 0.15070 179.88
25.79 0.15150 179.88
25.78 0.15300 179.90
25.88 0.15410 179.90
25.89 0.15520 179.90
25.99 0.15710 179.90
25.98 0.15750 179.90
26.04 0.15900 179.89
26.11 0.15940 179.89
26.13 0.15900 179.88
26.19 0.15970 179.88
26.32 0.15940 179.89
26.35 0.15860 179.89
26.40 0.15820 179.86
26.45 0.15750 179.86
26.44 0.15640 179.84
26.48 0.15450 179.85
26.55 0.15300 179.85
26.66 0.15110 179.86
26.71 0.14960 179.86
26.78 0.14740 179.88
26.74 0.14440 179.88
26.81 0.14210 179.89
26.91 0.13950 179.89
26.90 0.13800 179.91
26.94 0.13420 179.91
27.01 0.13270 179.93
27.11 0.13050 179.93
27.18 0.12820 179.94
27.23 0.12600 179.91
27.21 0.12380 179.91
27.32 0.12230 179.93
27.31 0.12080 179.93
27.36 0.11960 179.95
27.39 0.11740 179.95
27.48 0.11660 179.99
27.60 0.11510 179.98
27.56 0.11400 179.98
27.67 0.11330 179.93
27.67 0.11210 179.93
27.78 0.11180 179.93
27.83 0.11140 179.93
27.89 0.11100 179.93
27.87 0.10990 179.93
27.99 0.10950 179.95
28.05 0.10950 179.98
28.05 0.10880 179.98
28.06 0.10840 179.96
28.13 0.10950 179.96
28.17 0.10910 179.95
28.23 0.10910 179.95
28.36 0.10910 179.95
28.34 0.10910 179.96
28.43 0.10990 179.96
28.45 0.10990 179.98
28.48 0.10950 179.98
28.56 0.11030 179.99
28.59 0.11140 179.99
28.70 0.11140 180.00
28.78 0.11250 180.01
28.82 0.11290 180.01
28.88 0.11400 180.04
28.84 0.11510 180.08
28.97 0.11510 180.08
28.97 0.11550 180.10
29.06 0.11620 180.10
29.03 0.11810 180.13
29.14 0.11920 180.14
29.18 0.12000 180.14
29.20 0.12150 180.16
29.26 0.12190 180.21
29.30 0.12300 180.21
29.35 0.12450 180.29
29.45 0.12560 180.29
29.46 0.12640 180.34
29.52 0.12790 180.34
29.56 0.12970 180.36
29.61 0.13050 180.36
29.66 0.13240 180.36
29.76 0.13310 180.36
29.80 0.13570 180.38
29.81 0.13690 180.38
29.89 0.13840 180.39
29.97 0.14020 180.44
30.05 0.14210 180.44
30.01 0.14400 180.45
30.07 0.14550 180.45
30.16 0.14740 180.45
30.21 0.14920 180.45
30.21 0.15040 180.46
30.33 0.15230 180.46
30.33 0.15410 180.45
30.37 0.15640 180.45
30.49 0.15790 180.45
30.54 0.16050 180.45
30.55 0.16240 180.45
30.60 0.16460 180.46
30.63 0.16570 180.46
30.71 0.16840 180.48
30.73 0.16950 180.48
30.80 0.17140 180.49
30.83 0.17330 180.49
30.96 0.17470 180.48
30.95 0.17660 180.48
30.98 0.17740 180.48
31.10 0.17890 180.48
31.12 0.17960 180.46
31.14 0.18070 180.43
31.18 0.18110 180.43
31.30 0.18110 180.41
31.27 0.18070 180.41
31.33 0.18040 180.39
31.37 0.17920 180.39
31.42 0.17810 180.39
31.45 0.17660 180.39
31.54 0.17550 180.39
31.57 0.17250 180.38
31.66 0.16990 180.38
31.73 0.16760 180.40
31.69 0.16420 180.40
31.81 0.16240 180.40
31.79 0.15940 180.41
31.87 0.15670 180.41
31.96 0.15340 180.39
31.96 0.15000 180.39
31.99 0.14770 180.36
32.02 0.14470 180.36
32.08 0.14210 180.36
32.14 0.13910 180.35
32.20 0.13690 180.35
32.26 0.13420 180.34
32.29 0.13200 180.31
32.31 0.13010 180.31
32.34 0.12680 180.27
32.46 0.12490 180.27
32.49 0.12340 180.25
32.55 0.12230 180.24
32.59 0.12080 180.24
32.58 0.11960 180.23
32.63 0.11810 180.23
32.70 0.11660 180.21
32.77 0.11620 180.21
32.75 0.11480 180.21
32.84 0.11400 180.21
32.85 0.11330 180.18
32.96 0.11290 180.18
32.96 0.11250 180.15
33.02 0.11290 180.13
33.05 0.11210 180.13
33.13 0.11180 180.13
33.19 0.11180 180.13
33.24 0.11250 180.13
33.25 0.11250 180.09
33.31 0.11250 180.09
33.31 0.11250 180.08
33.37 0.11330 180.08
33.46 0.11400 180.08
33.47 0.11510 180.11
33.50 0.11550 180.11
33.55 0.11590 180.10
33.59 0.11660 180.10
33.65 0.11810 180.10
33.69 0.11890 180.11
33.78 0.11960 180.11
33.80 0.12040 180.11
33.85 0.12190 180.11
33.91 0.12340 180.11
33.91 0.12490 180.11
33.96 0.12640 180.13
34.06 0.12790 180.14
34.10 0.12940 180.14
34.15 0.13090 180.13
34.19 0.13270 180.13
34.21 0.13420 180.13
34.24 0.13610 180.13
34.33 0.13800 180.15
34.37 0.14020 180.15
34.39 0.14140 180.15
34.48 0.14440 180.19
34.47 0.14590 180.19
34.59 0.14810 180.25
34.56 0.15070 180.25
34.61 0.15260 180.29
