-0.02 0.10580 180.11
0.03 0.10580 180.11
0.02 0.10580 180.08
-0.02 0.10580 180.08
0.07 0.10580 180.10
0.04 0.10580 180.10
-0.01 0.10580 180.11
0.06 0.10580 180.11
0.13 0.10610 180.09
0.18 0.10650 180.09
0.18 0.10580 180.06
0.22 0.10610 180.05
0.39 0.10580 180.05
0.41 0.10610 180.04
0.47 0.10580 180.04
0.63 0.10580 180.02
0.74 0.10580 180.02
0.88 0.10580 179.99
0.88 0.10580 179.99
1.06 0.10580 179.99
1.10 0.10580 180.00
1.24 0.10580 180.00
1.42 0.10610 180.06
1.50 0.10610 180.06
1.56 0.10650 180.05
1.72 0.10610 180.05
1.83 0.10610 180.05
1.92 0.10610 180.05
2.11 0.10580 180.05
2.18 0.10610 180.08
2.30 0.10610 180.08
2.30 0.10580 180.10
2.47 0.10580 180.10
2.57 0.10580 180.13
2.65 0.10580 180.13
2.66 0.10580 180.15
2.77 0.10580 180.15
2.89 0.10610 180.14
2.95 0.10610 180.16
2.98 0.10540 180.16
3.10 0.10580 180.16
3.13 0.10580 180.16
3.20 0.10580 180.15
3.28 0.10540 180.15
3.41 0.10580 180.15
3.47 0.10610 180.16
3.53 0.10580 180.16
3.51 0.10580 180.15
3.67 0.10580 180.15
3.68 0.10580 180.15
3.72 0.10580 180.15
3.80 0.10610 180.15
3.93 0.10610 180.19
3.92 0.10580 180.19
4.04 0.10580 180.16
4.04 0.10610 180.16
4.16 0.10580 180.14
4.18 0.10610 180.13
4.24 0.10650 180.13
4.34 0.10610 180.14
4.38 0.10580 180.14
4.44 0.10580 180.11
4.46 0.10580 180.11
4.49 0.10580 180.10
4.57 0.10580 180.10
4.70 0.10610 180.08
4.76 0.10650 180.06
4.83 0.10650 180.06
4.79 0.10650 180.05
4.85 0.10610 180.05
4.90 0.10650 180.04
5.01 0.10650 180.04
5.04 0.10690 180.04
5.07 0.10650 180.04
5.17 0.10690 180.04
5.24 0.10650 180.04
5.25 0.10650 180.04
5.35 0.10690 180.04
5.43 0.10690 180.06
5.39 0.10690 180.06
5.53 0.10690 180.09
5.60 0.10720 180.08
5.64 0.10690 180.08
5.63 0.10760 180.10
5.68 0.10760 180.10
5.73 0.10760 180.13
5.85 0.10760 180.13
5.90 0.10760 180.14
5.87 0.10800 180.15
6.01 0.10760 180.15
6.09 0.10800 180.19
6.07 0.10760 180.19
6.10 0.10800 180.21
6.21 0.10800 180.21
6.20 0.10840 180.21
6.28 0.10800 180.21
6.31 0.10840 180.24
6.38 0.10840 180.24
6.44 0.10840 180.26
6.52 0.10800 180.25
6.59 0.10880 180.25
6.61 0.10880 180.26
6.68 0.10880 180.26
6.71 0.10800 180.30
6.76 0.10880 180.30
6.84 0.10880 180.33
6.84 0.10840 180.34
6.92 0.10840 180.34
6.95 0.10840 180.36
7.06 0.10880 180.36
7.09 0.10880 180.36
7.07 0.10800 180.36
7.21 0.10800 180.36
7.28 0.10840 180.36
7.30 0.10840 180.36
7.37 0.10760 180.34
7.35 0.10840 180.34
7.48 0.10800 180.36
7.48 0.10800 180.38
7.58 0.10800 180.38
7.62 0.10800 180.38
7.68 0.10800 180.38
7.69 0.10880 180.36
7.71 0.10800 180.38
7.78 0.10760 180.38
7.81 0.10800 180.36
7.88 0.10800 180.36
7.95 0.10800 180.36
7.97 0.10800 180.38
8.04 0.10800 180.38
8.08 0.10800 180.39
8.14 0.10760 180.39
8.23 0.10800 180.43
8.23 0.10800 180.43
8.27 0.10840 180.44
8.40 0.10800 180.46
8.45 0.10840 180.46
8.47 0.10800 180.44
8.50 0.10840 180.44
8.60 0.10800 180.43
8.66 0.10800 180.43
8.63 0.10840 180.43
8.74 0.10840 180.43
8.74 0.10880 180.44
8.84 0.10840 180.44
8.86 0.10880 180.45
8.93 0.10950 180.44
8.95 0.10910 180.44
8.99 0.10910 180.45
9.08 0.10910 180.45
9.14 0.10910 180.45
9.21 0.10950 180.45
9.27 0.10990 180.43
9.26 0.10990 180.43
9.40 0.11030 180.39
9.40 0.11030 180.35
9.49 0.11030 180.35
9.53 0.11060 180.36
9.59 0.11030 180.36
9.57 0.11060 180.35
9.65 0.11060 180.35
9.67 0.11100 180.36
9.77 0.11180 180.36
9.78 0.11140 180.38
9.82 0.11180 180.38
9.90 0.11210 180.38
9.98 0.11210 180.35
10.05 0.11250 180.35
10.01 0.11250 180.31
10.10 0.11290 180.31
10.17 0.11330 180.31
10.17 0.11330 180.30
10.25 0.11360 180.30
10.31 0.11400 180.29
10.37 0.11400 180.29
10.45 0.11440 180.30
10.43 0.11480 180.30
10.56 0.11510 180.27
10.57 0.11590 180.27
10.66 0.11590 180.27
10.70 0.11620 180.27
10.75 0.11620 180.26
10.76 0.11660 180.26
10.85 0.11660 180.26
10.90 0.11700 180.26
10.90 0.11700 180.25
10.97 0.11770 180.25
11.05 0.11810 180.26
11.13 0.11770 180.26
11.10 0.11810 180.29
11.16 0.11770 180.31
11.19 0.11770 180.31
11.31 0.11740 180.34
11.33 0.11740 180.34
11.40 0.11700 180.35
11.41 0.11700 180.33
11.53 0.11620 180.33
11.51 0.11620 180.30
11.59 0.11590 180.30
11.62 0.11590 180.26
11.65 0.11510 180.26
11.73 0.11440 180.25
11.85 0.11440 180.25
11.88 0.11400 180.20
11.87 0.11360 180.21
11.97 0.11330 180.21
11.97 0.11210 180.19
12.09 0.11210 180.19
12.07 0.11250 180.16
12.14 0.11180 180.16
12.18 0.11210 180.15
12.31 0.11180 180.13
12.28 0.11140 180.13
12.41 0.11140 180.10
12.40 0.11100 180.10
12.51 0.11060 180.09
12.51 0.11140 180.09
12.61 0.11100 180.09
12.64 0.11100 180.06
12.65 0.11060 180.06
12.77 0.11100 180.02
12.79 0.11060 180.02
12.86 0.11060 179.98
12.83 0.11140 179.95
12.92 0.11100 179.95
13.03 0.11100 179.91
13.06 0.11140 179.91
13.09 0.11180 179.90
13.12 0.11180 179.90
13.16 0.11180 179.86
13.27 0.11210 179.88
13.25 0.11180 179.88
13.37 0.11210 179.85
13.39 0.11250 179.85
13.41 0.11250 179.85
13.48 0.11330 179.84
13.58 0.11330 179.84
13.63 0.11330 179.85
13.63 0.11360 179.85
13.65 0.11400 179.80
13.71 0.11440 179.80
13.85 0.11480 179.80
13.82 0.11480 179.79
13.95 0.11510 179.79
13.93 0.11550 179.77
14.03 0.11550 179.77
14.01 0.11620 179.77
14.10 0.11620 179.77
14.11 0.11700 179.77
14.25 0.11770 179.75
14.30 0.11810 179.75
14.34 0.11850 179.69
14.33 0.11890 179.69
14.36 0.11920 179.66
14.49 0.11960 179.66
14.55 0.12040 179.65
14.60 0.12040 179.64
14.66 0.12110 179.64
14.68 0.12190 179.63
14.68 0.12190 179.63
14.74 0.12300 179.61
14.86 0.12340 179.60
14.86 0.12450 179.60
14.96 0.12410 179.59
14.97 0.12520 179.59
15.06 0.12520 179.59
15.06 0.12600 179.59
15.08 0.12710 179.59
15.22 0.12750 179.59
15.27 0.12820 179.55
15.26 0.12900 179.54
15.36 0.12940 179.54
15.42 0.12970 179.54
15.40 0.13050 179.54
15.45 0.13160 179.55
15.56 0.13200 179.55
15.56 0.13310 179.54
15.60 0.13350 179.52
15.71 0.13390 179.52
15.72 0.13460 179.52
15.78 0.13460 179.52
15.80 0.13540 179.50
15.88 0.13500 179.50
15.91 0.13540 179.50
15.96 0.13610 179.49
16.04 0.13610 179.49
16.11 0.13570 179.51
16.10 0.13540 179.51
16.16 0.13460 179.54
16.30 0.13390 179.55
16.31 0.13270 179.55
16.41 0.13200 179.58
16.43 0.13090 179.58
16.42 0.12940 179.58
16.47 0.12820 179.58
16.60 0.12710 179.60
16.59 0.12560 179.60
16.62 0.12490 179.60
16.73 0.12340 179.63
16.74 0.12190 179.63
16.86 0.12110 179.61
16.89 0.11920 179.64
16.88 0.11890 179.64
16.94 0.11810 179.66
16.98 0.11770 179.66
17.10 0.11700 179.69
17.14 0.11660 179.71
17.21 0.11550 179.71
17.23 0.11550 179.74
17.26 0.11550 179.74
17.34 0.11510 179.77
17.35 0.11480 179.80
17.44 0.11480 179.80
17.45 0.11440 179.85
17.54 0.11400 179.85
17.62 0.11480 179.89
17.67 0.11510 179.91
17.64 0.11550 179.91
17.77 0.11480 179.95
17.75 0.11550 179.95
17.87 0.11550 179.99
17.94 0.11620 180.02
17.97 0.11620 180.02
17.98 0.11660 180.08
18.02 0.11740 180.08
18.06 0.11660 180.09
18.12 0.11740 180.09
18.19 0.11770 180.13
18.28 0.11850 180.13
18.33 0.11920 180.14
18.32 0.11960 180.14
18.38 0.12000 180.14
18.43 0.12080 180.14
18.53 0.12150 180.14
18.53 0.12150 180.16
18.56 0.12230 180.16
18.65 0.12340 180.18
18.74 0.12380 180.21
18.72 0.12410 180.21
18.85 0.12490 180.20
18.89 0.12520 180.20
18.88 0.12640 180.20
18.92 0.12710 180.23
19.06 0.12790 180.23
19.01 0.12860 180.21
19.11 0.12940 180.21
19.15 0.13010 180.24
19.18 0.13090 180.21
19.30 0.13160 180.21
19.36 0.13240 180.24
19.37 0.13270 180.24
19.38 0.13420 180.24
19.49 0.13500 180.25
19.52 0.13610 180.25
19.58 0.13730 180.27
19.63 0.13840 180.27
19.71 0.13950 180.27
19.76 0.13990 180.25
19.74 0.14100 180.25
19.80 0.14140 180.27
19.90 0.14290 180.27
19.90 0.14320 180.27
19.99 0.14440 180.27
20.00 0.14620 180.29
20.14 0.14740 180.31
20.12 0.14770 180.31
20.15 0.14920 180.34
20.23 0.15000 180.34
20.29 0.15110 180.35
20.34 0.15300 180.36
20.43 0.15380 180.36
20.49 0.15490 180.35
20.46 0.15560 180.35
20.58 0.15670 180.39
20.55 0.15790 180.39
20.68 0.15860 180.40
20.65 0.15940 180.40
20.70 0.16010 180.39
20.77 0.16090 180.43
20.82 0.16090 180.43
20.90 0.16160 180.43
20.95 0.16160 180.43
21.04 0.16120 180.44
21.06 0.16050 180.44
21.10 0.16010 180.45
21.14 0.15900 180.48
21.18 0.15710 180.48
21.28 0.15560 180.48
21.26 0.15380 180.48
21.35 0.15230 180.48
21.37 0.14920 180.48
21.47 0.14740 180.49
21.47 0.14470 180.49
21.60 0.14250 180.50
21.59 0.13990 180.50
21.63 0.13650 180.50
21.70 0.13500 180.50
21.79 0.13270 180.50
21.83 0.13090 180.50
21.83 0.12900 180.51
21.89 0.12750 180.55
22.03 0.12640 180.55
21.99 0.12490 180.58
22.13 0.12410 180.58
22.09 0.12340 180.59
22.20 0.12230 180.59
22.22 0.12190 180.63
22.24 0.12150 180.63
22.36 0.12110 180.69
22.42 0.12110 180.70
22.42 0.12040 180.70
22.51 0.12080 180.70
22.50 0.12080 180.70
22.54 0.12080 180.73
22.68 0.12110 180.74
22.65 0.12150 180.74
22.71 0.12150 180.76
22.85 0.12190 180.76
22.87 0.12260 180.81
22.94 0.12260 180.83
22.96 0.12340 180.83
22.97 0.12410 180.88
23.00 0.12490 180.88
23.06 0.12520 180.90
23.17 0.12600 180.90
23.17 0.12680 180.94
23.30 0.12820 180.98
23.26 0.12860 180.98
23.34 0.12940 181.04
23.37 0.13010 181.04
23.42 0.13050 181.06
23.53 0.13200 181.09
23.52 0.13310 181.09
23.65 0.13350 181.09
23.68 0.13500 181.09
23.71 0.13570 181.11
23.80 0.13760 181.11
23.79 0.13840 181.11
23.89 0.13950 181.14
23.95 0.14020 181.14
23.92 0.14140 181.15
23.98 0.14250 181.15
24.06 0.14400 181.14
24.09 0.14470 181.14
24.21 0.14620 181.14
24.26 0.14810 181.18
24.23 0.14920 181.18
24.35 0.15000 181.19
24.33 0.15110 181.19
24.40 0.15260 181.19
24.45 0.15450 181.19
24.50 0.15520 181.19
24.61 0.15710 181.19
24.67 0.15820 181.18
24.64 0.16010 181.18
24.75 0.16090 181.16
24.80 0.16240 181.16
24.80 0.16420 181.13
24.85 0.16570 181.11
24.89 0.16800 181.11
25.01 0.16910 181.09
25.03 0.17060 181.09
25.10 0.17170 181.08
25.09 0.17400 181.08
25.15 0.17510 181.02
25.27 0.17660 181.02
25.33 0.17920 181.02
25.34 0.18000 181.02
25.36 0.18220 181.01
25.42 0.18340 181.01
25.52 0.18520 181.04
25.55 0.18710 181.00
25.55 0.18790 181.00
25.68 0.18900 181.01
25.73 0.19010 181.01
25.71 0.19120 181.00
25.77 0.19200 181.00
25.81 0.19240 180.95
25.88 0.19270 180.93
25.96 0.19270 180.93
26.01 0.19240 180.91
26.03 0.19050 180.91
26.07 0.18940 180.88
26.18 0.18750 180.84
26.20 0.18520 180.84
26.31 0.18370 180.80
26.32 0.18040 180.80
26.39 0.17770 180.75
26.38 0.17400 180.75
26.49 0.17140 180.71
26.50 0.16720 180.66
26.61 0.16310 180.66
26.66 0.16010 180.61
26.70 0.15640 180.61
26.69 0.15340 180.63
26.81 0.14960 180.63
26.81 0.14770 180.59
26.92 0.14440 180.55
26.97 0.14250 180.55
26.94 0.14060 180.51
27.00 0.13840 180.51
27.06 0.13690 180.49
27.08 0.13570 180.49
27.21 0.13390 180.45
27.20 0.13270 180.45
27.32 0.13240 180.38
27.35 0.13160 180.38
27.37 0.13090 180.33
27.46 0.13090 180.33
27.49 0.13010 180.26
27.51 0.13010 180.26
27.61 0.12970 180.21
27.61 0.12970 180.21
27.72 0.13010 180.20
27.70 0.13090 180.20
27.80 0.13120 180.15
27.88 0.13200 180.11
27.89 0.13200 180.11
27.90 0.13270 180.09
28.04 0.13390 180.09
28.01 0.13420 180.06
28.07 0.13540 180.06
28.18 0.13650 180.04
28.23 0.13690 180.04
28.24 0.13840 180.02
28.26 0.13990 180.02
28.39 0.14100 179.98
28.38 0.14250 179.94
28.42 0.14290 179.94
28.49 0.14440 179.91
28.53 0.14620 179.91
28.61 0.14740 179.83
28.68 0.14890 179.83
28.68 0.15000 179.77
28.78 0.15150 179.77
28.78 0.15260 179.73
28.89 0.15410 179.73
28.88 0.15560 179.68
28.99 0.15790 179.68
29.02 0.15970 179.61
29.07 0.16090 179.61
29.12 0.16310 179.58
29.18 0.16420 179.58
29.25 0.16610 179.55
29.25 0.16840 179.55
29.37 0.17060 179.52
29.35 0.17290 179.48
29.46 0.17440 179.48
29.43 0.17620 179.45
29.51 0.17850 179.45
29.61 0.17960 179.41
29.66 0.18150 179.41
29.68 0.18410 179.41
29.70 0.18640 179.39
29.77 0.18790 179.39
29.79 0.19050 179.36
29.92 0.19240 179.36
29.90 0.19460 179.33
30.01 0.19690 179.33
30.00 0.19990 179.30
30.09 0.20100 179.30
30.13 0.20360 179.27
30.13 0.20700 179.27
30.24 0.20890 179.27
30.22 0.21110 179.26
30.30 0.21300 179.26
30.34 0.21600 179.25
30.35 0.21750 179.26
30.44 0.21970 179.26
30.51 0.22160 179.27
30.55 0.22390 179.27
30.54 0.22570 179.26
30.59 0.22720 179.29
30.63 0.22880 179.29
30.70 0.22990 179.30
30.77 0.23020 179.30
30.80 0.23140 179.30
30.83 0.23100 179.30
30.87 0.23100 179.33
30.95 0.22950 179.35
31.01 0.22880 179.35
31.01 0.22720 179.39
31.09 0.22460 179.39
31.15 0.22240 179.40
31.19 0.21940 179.40
31.21 0.21640 179.40
31.25 0.21150 179.41
31.34 0.20700 179.41
31.35 0.20400 179.41
31.37 0.19910 179.41
31.41 0.19610 179.43
31.45 0.19160 179.43
31.52 0.18790 179.45
31.64 0.18300 179.48
31.67 0.17810 179.48
31.69 0.17620 179.51
31.70 0.17170 179.51
31.81 0.16910 179.52
31.83 0.16540 179.54
31.90 0.16350 179.54
31.90 0.16050 179.56
31.97 0.15860 179.56
32.01 0.15600 179.58
32.02 0.15340 179.56
32.14 0.15190 179.56
32.17 0.14960 179.56
32.22 0.14850 179.56
32.26 0.14770 179.55
32.29 0.14700 179.54
32.33 0.14550 179.54
32.40 0.14590 179.54
32.42 0.14550 179.52
32.49 0.14510 179.49
32.54 0.14590 179.49
32.58 0.14590 179.48
32.57 0.14620 179.48
32.60 0.14620 179.44
32.73 0.14700 179.44
32.75 0.14770 179.44
32.79 0.14850 179.40
32.83 0.14960 179.38
32.90 0.15150 179.38
32.90 0.15040 179.36
32.93 0.15230 179.36
32.99 0.15380 179.34
33.11 0.15600 179.29
33.13 0.15820 179.27
33.20 0.15940 179.27
33.24 0.16120 179.29
33.23 0.16200 179.29
33.29 0.16420 179.29
33.35 0.16610 179.25
33.41 0.16800 179.25
33.47 0.16990 179.26
33.52 0.17170 179.26
33.51 0.17440 179.24
33.62 0.17660 179.23
33.62 0.17850 179.23
33.70 0.18040 179.23
33.68 0.18300 179.23
33.74 0.18450 179.24
33.79 0.18710 179.24
33.89 0.19010 179.24
33.94 0.19270 179.27
33.98 0.19570 179.27
34.04 0.19760 179.26
34.07 0.20060 179.26
34.11 0.20250 179.29
34.10 0.20510 179.29
34.18 0.20740 179.27
34.27 0.21150 179.27
34.30 0.21340 179.27
34.30 0.21640 179.30
34.40 0.21970 179.30
34.43 0.22200 179.29
34.49 0.22610 179.30
34.48 0.22800 179.30
34.60 0.23100 179.30
34.62 0.23480 179.30
34.63 0.23740 179.33
