0.51 0.10540 160.15
0.52 0.10540 160.19
0.53 0.10540 160.19
0.46 0.10540 160.20
0.46 0.10540 160.23
0.46 0.10580 160.23
0.54 0.10500 160.23
0.49 0.10500 160.23
0.59 0.10500 160.21
0.58 0.10580 160.26
0.74 0.10500 160.26
0.70 0.10500 160.26
0.85 0.10500 160.26
0.84 0.10500 160.27
1.01 0.10540 160.30
1.06 0.10500 160.30
1.14 0.10500 160.30
1.31 0.10540 160.30
1.39 0.10460 160.31
1.56 0.10540 160.30
1.65 0.10540 160.30
1.80 0.10500 160.33
1.89 0.10540 160.33
2.00 0.10500 160.31
2.02 0.10540 160.31
2.24 0.10500 160.30
2.38 0.10580 160.29
2.46 0.10500 160.29
2.50 0.10500 160.25
2.64 0.10540 160.25
2.68 0.10500 160.24
2.75 0.10460 160.24
2.87 0.10500 160.24
2.97 0.10540 160.23
3.06 0.10540 160.23
3.19 0.10500 160.21
3.27 0.10540 160.21
3.29 0.10540 160.19
3.35 0.10540 160.19
3.53 0.10540 160.20
3.58 0.10580 160.20
3.65 0.10540 160.20
3.75 0.10540 160.20
3.72 0.10540 160.20
3.80 0.10500 160.20
3.93 0.10500 160.21
4.02 0.10580 160.21
4.00 0.10540 160.19
4.14 0.10540 160.19
4.15 0.10540 160.20
4.28 0.10540 160.23
4.31 0.10500 160.23
4.38 0.10540 160.21
4.38 0.10460 160.21
4.48 0.10500 160.24
4.54 0.10500 160.24
4.62 0.10500 160.23
4.70 0.10540 160.26
4.73 0.10540 160.26
4.78 0.10540 160.25
4.81 0.10540 160.25
4.86 0.10500 160.25
5.01 0.10540 160.25
5.04 0.10540 160.29
5.03 0.10500 160.27
5.17 0.10500 160.27
5.16 0.10500 160.29
5.26 0.10540 160.29
5.29 0.10500 160.31
5.32 0.10580 160.31
5.37 0.10540 160.33
5.46 0.10540 160.33
5.55 0.10540 160.35
5.61 0.10580 160.34
5.61 0.10540 160.34
5.68 0.10540 160.34
5.72 0.10540 160.34
5.79 0.10580 160.35
5.81 0.10580 160.35
5.88 0.10580 160.34
5.99 0.10610 160.34
6.08 0.10650 160.34
6.11 0.10650 160.34
6.09 0.10650 160.34
6.14 0.10610 160.34
6.28 0.10650 160.34
6.23 0.10720 160.31
6.32 0.10760 160.31
6.35 0.10690 160.31
6.44 0.10690 160.31
6.47 0.10720 160.31
6.58 0.10720 160.30
6.57 0.10720 160.30
6.66 0.10690 160.30
6.76 0.10760 160.33
6.71 0.10720 160.33
6.79 0.10650 160.33
6.85 0.10690 160.33
6.87 0.10690 160.31
7.02 0.10690 160.31
6.98 0.10690 160.34
7.04 0.10690 160.35
7.14 0.10650 160.35
7.13 0.10650 160.34
7.26 0.10650 160.34
7.32 0.10650 160.36
7.33 0.10650 160.36
7.41 0.10610 160.34
7.43 0.10580 160.34
7.52 0.10580 160.35
7.59 0.10650 160.36
7.62 0.10580 160.36
7.67 0.10610 160.36
7.74 0.10580 160.36
7.71 0.10580 160.39
7.84 0.10580 160.39
7.88 0.10540 160.39
7.92 0.10580 160.43
8.00 0.10580 160.43
7.97 0.10580 160.44
8.00 0.10610 160.44
8.15 0.10540 160.45
8.22 0.10540 160.45
8.20 0.10540 160.48
8.23 0.10580 160.48
8.31 0.10580 160.48
8.34 0.10540 160.51
8.37 0.10580 160.51
8.50 0.10540 160.50
8.57 0.10540 160.50
8.62 0.10540 160.50
8.62 0.10580 160.51
8.70 0.10540 160.51
8.77 0.10580 160.52
8.73 0.10580 160.52
8.80 0.10540 160.50
8.85 0.10540 160.50
8.90 0.10580 160.49
9.05 0.10540 160.49
9.06 0.10540 160.49
9.14 0.10580 160.49
9.10 0.10540 160.46
9.17 0.10580 160.46
9.24 0.10540 160.48
9.34 0.10540 160.48
9.31 0.10540 160.45
9.38 0.10580 160.45
9.44 0.10580 160.40
9.47 0.10580 160.40
9.60 0.10580 160.40
9.63 0.10650 160.40
9.70 0.10650 160.39
9.66 0.10650 160.39
9.80 0.10690 160.41
9.86 0.10690 160.41
9.90 0.10720 160.41
9.90 0.10720 160.39
10.00 0.10720 160.39
10.00 0.10760 160.39
10.02 0.10760 160.39
10.09 0.10840 160.39
10.21 0.10840 160.39
10.26 0.10910 160.39
10.32 0.10950 160.39
10.28 0.10990 160.38
10.37 0.10950 160.38
10.45 0.11100 160.35
10.52 0.11210 160.34
10.48 0.11180 160.34
10.62 0.11250 160.33
10.65 0.11330 160.33
10.70 0.11360 160.30
10.79 0.11480 160.30
10.81 0.11480 160.27
10.83 0.11590 160.27
10.84 0.11590 160.26
10.97 0.11700 160.26
11.00 0.11770 160.25
11.08 0.11890 160.25
11.07 0.11960 160.25
11.19 0.12040 160.25
11.16 0.12080 160.24
11.22 0.12150 160.24
11.26 0.12230 160.24
11.38 0.12300 160.24
11.43 0.12380 160.25
11.43 0.12340 160.25
11.49 0.12410 160.23
11.55 0.12410 160.20
11.57 0.12450 160.20
11.62 0.12450 160.16
11.74 0.12380 160.16
11.72 0.12300 160.13
11.82 0.12260 160.13
11.83 0.12110 160.10
11.89 0.12040 160.09
11.99 0.11850 160.09
12.00 0.11850 160.05
12.02 0.11700 160.05
12.08 0.11620 160.02
12.19 0.11510 160.02
12.20 0.11480 160.01
12.26 0.11360 160.02
12.34 0.11210 160.02
12.42 0.11180 159.96
12.45 0.11100 159.96
12.52 0.10990 159.93
12.48 0.10990 159.93
12.54 0.10910 159.93
12.68 0.10910 159.94
12.70 0.10800 159.94
12.70 0.10800 159.91
12.74 0.10760 159.91
12.79 0.10760 159.89
12.92 0.10760 159.86
12.91 0.10690 159.86
12.94 0.10650 159.83
13.00 0.10650 159.83
13.06 0.10610 159.80
13.19 0.10650 159.74
13.23 0.10610 159.74
13.28 0.10610 159.73
13.25 0.10610 159.73
13.36 0.10580 159.71
13.38 0.10580 159.71
13.45 0.10540 159.69
13.48 0.10580 159.66
13.53 0.10540 159.66
13.56 0.10540 159.64
13.65 0.10540 159.64
13.66 0.10580 159.63
13.79 0.10580 159.63
13.76 0.10540 159.63
13.89 0.10580 159.61
13.96 0.10540 159.61
14.00 0.10580 159.60
14.06 0.10580 159.60
14.09 0.10580 159.59
14.09 0.10540 159.59
14.19 0.10580 159.63
14.26 0.10610 159.64
14.27 0.10580 159.64
14.35 0.10580 159.61
14.42 0.10610 159.61
14.42 0.10650 159.59
14.44 0.10690 159.59
14.48 0.10720 159.58
14.61 0.10800 159.58
14.66 0.10800 159.58
14.66 0.10840 159.55
14.78 0.10880 159.55
14.75 0.10950 159.58
14.83 0.11060 159.56
14.84 0.11100 159.56
14.97 0.11140 159.61
14.99 0.11210 159.61
15.06 0.11290 159.60
15.06 0.11360 159.60
15.10 0.11480 159.59
15.22 0.11620 159.59
15.27 0.11700 159.59
15.26 0.11810 159.56
15.36 0.11920 159.56
15.43 0.12000 159.56
15.47 0.12150 159.56
15.45 0.12230 159.55
15.52 0.12490 159.54
15.59 0.12600 159.54
15.70 0.12710 159.50
15.66 0.12940 159.50
15.73 0.13050 159.48
15.80 0.13240 159.48
15.82 0.13390 159.46
15.88 0.13610 159.45
15.93 0.13760 159.45
16.04 0.13910 159.44
16.02 0.14170 159.44
16.14 0.14360 159.45
16.19 0.14550 159.45
16.25 0.14660 159.48
16.21 0.14890 159.49
16.34 0.15000 159.49
16.40 0.15150 159.48
16.44 0.15230 159.48
16.48 0.15340 159.50
16.55 0.15410 159.50
16.57 0.15450 159.50
16.57 0.15490 159.50
16.64 0.15410 159.52
16.77 0.15340 159.52
16.74 0.15190 159.52
16.88 0.15000 159.52
16.90 0.14810 159.54
16.91 0.14620 159.55
16.94 0.14360 159.55
17.07 0.14140 159.54
17.03 0.13880 159.54
17.17 0.13650 159.58
17.23 0.13390 159.58
17.25 0.13090 159.59
17.26 0.12860 159.59
17.36 0.12680 159.58
17.35 0.12520 159.58
17.47 0.12340 159.58
17.46 0.12190 159.58
17.56 0.11960 159.60
17.60 0.11850 159.60
17.62 0.11660 159.63
17.71 0.11550 159.63
17.73 0.11400 159.63
17.76 0.11290 159.61
17.81 0.11250 159.61
17.90 0.11140 159.63
17.98 0.11030 159.63
18.05 0.10950 159.61
18.07 0.10910 159.58
18.12 0.10880 159.58
18.18 0.10840 159.54
18.24 0.10800 159.54
18.25 0.10760 159.55
18.27 0.10720 159.55
18.41 0.10720 159.54
18.38 0.10690 159.54
18.43 0.10650 159.54
18.51 0.10580 159.54
18.52 0.10580 159.51
18.65 0.10610 159.51
18.70 0.10610 159.49
18.67 0.10610 159.48
18.73 0.10580 159.48
18.83 0.10610 159.48
18.84 0.10580 159.48
18.97 0.10580 159.48
18.93 0.10580 159.45
19.07 0.10580 159.45
19.10 0.10610 159.44
19.09 0.10610 159.44
19.15 0.10650 159.45
19.26 0.10650 159.45
19.27 0.10690 159.45
19.33 0.10720 159.45
19.42 0.10760 159.44
19.40 0.10800 159.43
19.46 0.10800 159.43
19.49 0.10910 159.43
19.56 0.10880 159.43
19.63 0.10990 159.44
19.64 0.11100 159.44
19.79 0.11180 159.44
19.82 0.11330 159.44
19.88 0.11400 159.45
19.85 0.11550 159.49
19.98 0.11620 159.49
19.97 0.11740 159.52
20.08 0.11920 159.52
20.13 0.12000 159.51
20.18 0.12190 159.51
20.24 0.12340 159.52
20.23 0.12560 159.51
20.27 0.12710 159.51
20.31 0.12940 159.55
20.39 0.13090 159.55
20.44 0.13310 159.59
20.53 0.13610 159.59
20.59 0.13800 159.60
20.59 0.14060 159.60
20.63 0.14250 159.59
20.74 0.14660 159.56
20.78 0.14850 159.56
20.80 0.15190 159.58
20.84 0.15520 159.58
20.89 0.15750 159.59
20.98 0.16120 159.59
21.00 0.16390 159.61
21.06 0.16690 159.61
21.10 0.16950 159.64
21.20 0.17290 159.64
21.18 0.17510 159.68
21.32 0.17850 159.68
21.30 0.18190 159.69
21.36 0.18410 159.70
21.39 0.18640 159.70
21.51 0.18790 159.73
21.55 0.18940 159.73
21.54 0.19010 159.75
21.67 0.19050 159.75
21.67 0.19050 159.74
21.72 0.19050 159.74
21.77 0.18900 159.75
21.88 0.18750 159.75
21.92 0.18490 159.77
21.91 0.18340 159.77
21.99 0.18000 159.83
22.00 0.17740 159.83
22.06 0.17400 159.84
22.12 0.17020 159.84
22.23 0.16720 159.88
22.23 0.16240 159.88
22.28 0.15970 159.90
22.30 0.15670 159.90
22.40 0.15340 159.93
22.43 0.14960 159.93
22.46 0.14590 159.96
22.52 0.14320 159.96
22.57 0.13950 160.01
22.69 0.13650 160.06
22.67 0.13350 160.06
22.78 0.13200 160.13
22.82 0.12900 160.13
22.85 0.12710 160.19
22.90 0.12490 160.19
22.99 0.12230 160.23
22.99 0.12080 160.23
23.01 0.11920 160.23
23.11 0.11770 160.23
23.15 0.11620 160.24
23.22 0.11550 160.24
23.24 0.11400 160.29
23.34 0.11330 160.29
23.42 0.11250 160.33
23.45 0.11140 160.33
23.45 0.11060 160.34
23.55 0.10990 160.34
23.53 0.10950 160.35
23.65 0.10910 160.35
23.71 0.10880 160.40
23.76 0.10800 160.40
23.81 0.10800 160.40
23.79 0.10760 160.40
23.89 0.10720 160.39
23.89 0.10720 160.39
24.01 0.10720 160.38
23.99 0.10690 160.38
24.06 0.10690 160.40
24.16 0.10720 160.40
24.18 0.10720 160.40
24.18 0.10800 160.39
24.27 0.10760 160.39
24.29 0.10840 160.36
24.42 0.10880 160.36
24.39 0.10950 160.36
24.46 0.10990 160.36
24.58 0.11030 160.35
24.56 0.11140 160.35
24.68 0.11210 160.36
24.69 0.11290 160.36
24.78 0.11400 160.34
24.75 0.11510 160.34
24.80 0.11590 160.31
24.86 0.11810 160.29
24.91 0.12000 160.29
25.04 0.12150 160.29
25.02 0.12340 160.29
25.11 0.12490 160.29
25.19 0.12750 160.29
25.24 0.12940 160.26
25.22 0.13200 160.23
25.33 0.13350 160.23
25.41 0.13650 160.23
25.38 0.13990 160.23
25.50 0.14250 160.19
25.46 0.14590 160.19
25.59 0.14850 160.18
25.63 0.15260 160.16
25.70 0.15520 160.16
25.77 0.15900 160.16
25.80 0.16350 160.16
25.79 0.16650 160.15
25.88 0.17100 160.15
25.91 0.17470 160.10
25.93 0.17960 160.10
26.01 0.18300 160.10
26.10 0.18820 160.10
26.09 0.19120 160.09
26.21 0.19610 160.09
26.22 0.20170 160.10
26.30 0.20590 160.09
26.30 0.20960 160.09
26.40 0.21260 160.09
26.40 0.21600 160.09
26.44 0.21900 160.09
26.52 0.22240 160.09
26.61 0.22500 160.10
26.65 0.22650 160.10
26.71 0.22800 160.10
26.70 0.22880 160.08
26.81 0.22910 160.08
26.83 0.22910 160.05
26.91 0.22800 160.05
26.90 0.22720 160.04
26.97 0.22500 160.04
27.08 0.22270 160.02
27.15 0.22050 160.01
27.12 0.21640 160.01
27.16 0.21450 160.00
27.23 0.21110 160.00
27.31 0.20810 160.00
27.33 0.20440 160.00
27.43 0.19910 159.99
27.47 0.19570 160.00
27.51 0.19090 160.00
27.52 0.18790 159.98
27.55 0.18260 159.98
27.64 0.17920 159.96
27.73 0.17510 159.96
27.72 0.17100 159.99
27.79 0.16570 159.98
27.86 0.16120 159.98
27.95 0.15820 159.98
27.92 0.15410 159.98
27.98 0.15110 159.94
28.02 0.14700 159.94
28.09 0.14510 159.93
28.15 0.14170 159.93
28.24 0.13840 159.90
28.31 0.13500 159.90
28.34 0.13240 159.90
28.38 0.13090 159.88
28.44 0.12860 159.88
28.43 0.12710 159.86
28.55 0.12520 159.86
28.61 0.12300 159.88
28.61 0.12150 159.88
28.69 0.12000 159.90
28.70 0.11920 159.91
28.81 0.11770 159.91
28.79 0.11740 159.93
28.86 0.11590 159.93
28.96 0.11480 159.96
28.96 0.11480 159.96
29.06 0.11400 159.96
29.09 0.11360 159.96
29.14 0.11330 159.98
29.16 0.11290 159.98
29.21 0.11250 159.98
29.25 0.11290 159.98
29.31 0.11290 159.98
29.43 0.11290 160.00
29.49 0.11290 160.00
29.46 0.11360 160.01
29.53 0.11400 160.02
29.55 0.11440 160.02
29.67 0.11550 160.02
29.65 0.11590 160.02
29.78 0.11700 160.01
29.78 0.11890 160.04
29.89 0.12000 160.04
29.89 0.12110 160.04
29.98 0.12300 160.04
29.98 0.12410 160.05
30.04 0.12790 160.04
30.15 0.12820 160.04
30.11 0.13090 160.05
30.25 0.13270 160.05
30.30 0.13610 160.06
30.34 0.13950 160.06
30.38 0.14170 160.05
30.45 0.14620 160.06
30.51 0.14890 160.06
30.54 0.15300 160.05
30.52 0.15520 160.05
30.60 0.16010 160.04
30.63 0.16500 160.04
30.76 0.16910 160.01
30.80 0.17510 160.01
30.86 0.17850 160.01
30.86 0.18410 160.01
30.91 0.18710 160.01
30.93 0.19390 160.04
31.06 0.19910 160.04
31.08 0.20400 160.04
31.16 0.21110 160.04
31.17 0.21520 160.04
31.26 0.22200 160.00
31.25 0.22690 160.00
31.36 0.23360 160.01
31.40 0.23810 160.01
31.42 0.24410 160.01
31.48 0.24970 160.01
31.54 0.25460 160.02
31.56 0.26030 160.02
31.67 0.26320 160.02
31.72 0.26770 160.00
31.77 0.27000 160.00
31.83 0.27380 160.00
31.85 0.27600 160.01
31.87 0.27790 160.01
31.91 0.27970 160.00
32.03 0.28050 160.00
32.07 0.28090 159.98
32.14 0.28090 159.96
32.17 0.28010 159.96
32.17 0.27970 159.94
32.29 0.27790 159.94
32.32 0.27560 159.91
32.36 0.27380 159.91
32.40 0.27110 159.91
32.42 0.26850 159.93
32.46 0.26440 159.93
32.52 0.26180 159.93
32.61 0.25690 159.93
32.61 0.25350 159.91
32.73 0.24860 159.91
32.76 0.24260 159.86
32.77 0.23810 159.86
32.87 0.23250 159.86
32.92 0.22880 159.86
32.89 0.22310 159.86
33.01 0.21900 159.91
33.00 0.21300 159.91
33.10 0.20810 159.89
33.10 0.20440 159.89
33.13 0.19760 159.91
33.25 0.19420 159.91
33.23 0.18940 159.91
33.27 0.18640 159.91
33.34 0.18190 159.91
33.37 0.17810 159.94
33.48 0.17360 159.94
33.47 0.16910 159.94
33.54 0.16650 159.93
33.56 0.16280 159.93
33.66 0.16010 159.93
33.70 0.15670 159.93
33.69 0.15450 159.95
33.82 0.15150 159.95
33.84 0.14850 159.98
33.84 0.14740 159.98
33.88 0.14440 159.98
33.92 0.14360 160.00
34.00 0.14100 160.00
34.01 0.14020 159.99
34.05 0.13800 160.01
34.11 0.13730 160.01
34.23 0.13610 160.02
34.19 0.13540 160.02
34.29 0.13460 160.06
34.33 0.13390 160.10
34.35 0.13310 160.10
34.38 0.13310 160.10
34.44 0.13310 160.10
34.55 0.13310 160.13
34.58 0.13350 160.13
34.57 0.13420 160.13
