0.17 0.10540 160.70
0.10 0.10540 160.70
0.19 0.10540 160.70
0.13 0.10500 160.70
0.18 0.10540 160.68
0.19 0.10580 160.68
0.17 0.10540 160.68
0.15 0.10540 160.66
0.25 0.10540 160.66
0.23 0.10540 160.65
0.36 0.10540 160.65
0.39 0.10580 160.65
0.51 0.10580 160.63
0.58 0.10540 160.63
0.69 0.10540 160.61
0.75 0.10540 160.61
0.79 0.10540 160.58
1.01 0.10580 160.54
1.07 0.10540 160.54
1.21 0.10500 160.52
1.24 0.10500 160.52
1.37 0.10540 160.50
1.51 0.10540 160.46
1.66 0.10540 160.46
1.72 0.10540 160.44
1.87 0.10540 160.44
1.98 0.10500 160.39
2.06 0.10540 160.39
2.16 0.10500 160.35
2.32 0.10540 160.35
2.43 0.10500 160.36
2.42 0.10580 160.36
2.54 0.10540 160.36
2.71 0.10500 160.36
2.71 0.10500 160.36
2.86 0.10540 160.35
2.85 0.10540 160.35
3.03 0.10500 160.35
3.09 0.10580 160.33
3.11 0.10540 160.33
3.15 0.10540 160.27
3.23 0.10540 160.27
3.34 0.10500 160.27
3.40 0.10500 160.27
3.52 0.10500 160.26
3.58 0.10540 160.26
3.61 0.10500 160.24
3.64 0.10580 160.24
3.74 0.10500 160.24
3.81 0.10540 160.20
3.85 0.10500 160.20
3.98 0.10500 160.20
3.98 0.10540 160.20
4.12 0.10540 160.21
4.17 0.10540 160.19
4.15 0.10540 160.19
4.25 0.10580 160.15
4.36 0.10580 160.15
4.42 0.10540 160.10
4.46 0.10580 160.09
4.47 0.10540 160.09
4.58 0.10540 160.10
4.59 0.10540 160.10
4.62 0.10580 160.10
4.74 0.10610 160.10
4.76 0.10580 160.09
4.87 0.10610 160.09
4.87 0.10610 160.05
4.98 0.10690 160.04
4.97 0.10610 160.04
5.03 0.10690 159.98
5.08 0.10690 159.98
5.19 0.10720 159.95
5.23 0.10760 159.95
5.27 0.10800 159.95
5.31 0.10880 159.96
5.44 0.10880 159.96
5.47 0.10880 159.94
5.55 0.10950 159.94
5.51 0.10950 159.95
5.58 0.10950 159.95
5.65 0.11030 159.96
5.72 0.11100 159.94
5.81 0.11100 159.94
5.87 0.11140 159.95
5.93 0.11180 159.95
5.96 0.11140 159.95
5.99 0.11140 159.95
6.00 0.11100 159.94
6.06 0.11100 159.90
6.15 0.11100 159.90
6.24 0.11100 159.91
6.27 0.11030 159.91
6.35 0.11030 159.98
6.40 0.11030 159.98
6.44 0.10990 159.98
6.48 0.10990 159.99
6.50 0.10950 159.99
6.53 0.10910 159.98
6.67 0.10910 159.98
6.71 0.10880 159.98
6.74 0.10880 159.98
6.76 0.10840 159.99
6.79 0.10840 159.99
6.90 0.10800 159.99
6.91 0.10840 160.04
6.97 0.10840 160.04
7.02 0.10800 160.05
7.13 0.10760 160.05
7.17 0.10800 160.04
7.22 0.10800 160.05
7.24 0.10800 160.05
7.33 0.10760 160.06
7.32 0.10760 160.06
7.43 0.10800 160.04
7.43 0.10800 160.04
7.47 0.10760 160.04
7.54 0.10760 160.06
7.57 0.10840 160.06
7.62 0.10840 160.05
7.74 0.10880 160.05
7.75 0.10880 160.01
7.78 0.10950 160.01
7.82 0.10950 160.01
7.93 0.10950 160.04
8.00 0.10990 160.04
8.04 0.11030 160.04
8.07 0.10990 160.04
8.16 0.11060 160.01
8.15 0.11140 160.01
8.20 0.11210 160.01
8.31 0.11180 160.01
8.35 0.11250 160.01
8.38 0.11290 160.01
8.40 0.11360 159.99
8.45 0.11360 159.99
8.49 0.11400 159.99
8.60 0.11510 159.99
8.64 0.11510 159.96
8.70 0.11620 159.96
8.71 0.11660 159.99
8.82 0.11740 159.99
8.89 0.11810 159.98
8.88 0.11850 159.98
8.98 0.11920 160.01
9.05 0.12080 160.00
9.01 0.12110 160.00
9.08 0.12150 160.00
9.11 0.12260 160.00
9.20 0.12300 160.02
9.28 0.12490 160.02
9.34 0.12520 160.02
9.33 0.12560 160.02
9.36 0.12680 160.02
9.51 0.12790 160.02
9.54 0.12900 160.02
9.57 0.13010 160.05
9.66 0.13160 160.05
9.68 0.13240 160.04
9.71 0.13390 160.04
9.73 0.13420 160.05
9.82 0.13540 160.05
9.91 0.13760 160.06
9.97 0.13910 160.05
9.92 0.14060 160.05
10.01 0.14170 160.05
10.05 0.14290 160.05
10.16 0.14440 160.02
10.17 0.14590 160.02
10.23 0.14740 160.02
10.31 0.14920 160.02
10.37 0.15150 160.06
10.42 0.15260 160.06
10.43 0.15410 160.02
10.45 0.15560 160.05
10.57 0.15820 160.05
10.54 0.15860 160.02
10.68 0.16010 160.02
10.65 0.16200 160.02
10.79 0.16310 160.02
10.79 0.16390 159.99
10.81 0.16460 160.00
10.89 0.16460 160.00
10.99 0.16460 160.01
10.95 0.16420 160.01
11.00 0.16310 160.00
11.11 0.16120 160.00
11.18 0.15860 159.99
11.21 0.15670 159.99
11.29 0.15340 159.98
11.27 0.15040 159.98
11.39 0.14660 159.98
11.44 0.14360 159.96
11.50 0.14060 159.96
11.47 0.13690 159.98
11.60 0.13420 159.98
11.58 0.13120 159.98
11.67 0.12900 159.98
11.66 0.12680 159.96
11.74 0.12520 159.96
11.79 0.12340 159.96
11.90 0.12230 159.96
11.91 0.12000 159.95
11.94 0.11890 159.95
12.06 0.11810 159.98
12.11 0.11740 159.99
12.17 0.11700 159.99
12.20 0.11620 159.96
12.18 0.11620 159.96
12.26 0.11590 160.02
12.30 0.11550 160.02
12.35 0.11510 160.01
12.44 0.11550 160.02
12.48 0.11550 160.02
12.49 0.11550 160.02
12.58 0.11590 160.02
12.66 0.11620 160.05
12.72 0.11620 160.05
12.71 0.11740 160.06
12.77 0.11770 160.06
12.81 0.11810 160.05
12.92 0.11890 160.05
12.92 0.11960 160.05
12.96 0.12080 160.05
13.09 0.12190 160.04
13.11 0.12300 160.04
13.16 0.12380 160.04
13.18 0.12450 160.05
13.26 0.12600 160.05
13.30 0.12680 160.08
13.34 0.12860 160.08
13.36 0.12970 160.10
13.41 0.13090 160.10
13.46 0.13200 160.10
13.60 0.13390 160.09
13.57 0.13570 160.09
13.71 0.13730 160.10
13.70 0.13910 160.10
13.77 0.14020 160.11
13.77 0.14250 160.11
13.83 0.14360 160.09
13.92 0.14550 160.09
13.95 0.14850 160.10
14.00 0.15000 160.10
14.11 0.15230 160.10
14.17 0.15410 160.10
14.21 0.15670 160.08
14.19 0.15860 160.08
14.26 0.16120 160.08
14.31 0.16310 160.05
14.42 0.16540 160.05
14.40 0.16870 160.05
14.48 0.17140 160.04
14.48 0.17440 160.04
14.55 0.17620 160.01
14.59 0.17890 160.01
14.70 0.18150 160.01
14.79 0.18490 160.01
14.75 0.18860 160.01
14.82 0.19090 160.01
14.85 0.19420 160.01
14.92 0.19650 160.02
14.95 0.20030 160.02
15.00 0.20320 160.02
15.05 0.20620 160.02
15.17 0.20960 160.00
15.24 0.21410 159.96
15.28 0.21790 159.96
15.27 0.22090 159.95
15.37 0.22570 159.95
15.37 0.22800 159.96
15.40 0.23290 159.98
15.54 0.23550 159.98
15.61 0.23920 159.99
15.64 0.24370 159.99
15.66 0.24600 159.99
15.67 0.24900 159.99
15.79 0.25090 159.96
15.85 0.25350 159.98
15.85 0.25460 159.98
15.94 0.25500 159.98
16.00 0.25500 159.98
16.06 0.25310 159.96
16.03 0.25050 159.94
16.15 0.24750 159.94
16.16 0.24260 159.93
16.26 0.23850 159.93
16.22 0.23140 159.93
16.29 0.22570 159.93
16.35 0.21790 159.94
16.47 0.20770 159.91
16.45 0.20170 159.91
16.53 0.19460 159.90
16.59 0.18860 159.90
16.67 0.18110 159.93
16.64 0.17590 159.89
16.70 0.17100 159.89
16.74 0.16650 159.86
16.87 0.16120 159.86
16.86 0.15560 159.86
16.92 0.15230 159.86
16.96 0.14850 159.86
17.03 0.14510 159.85
17.09 0.14170 159.85
17.11 0.13990 159.83
17.24 0.13760 159.83
17.28 0.13500 159.79
17.34 0.13350 159.79
17.30 0.13240 159.74
17.37 0.13120 159.73
17.44 0.13050 159.73
17.53 0.13050 159.68
17.56 0.13010 159.68
17.63 0.12970 159.64
17.62 0.13050 159.61
17.68 0.13090 159.61
17.80 0.13120 159.60
17.83 0.13240 159.60
17.89 0.13310 159.60
17.87 0.13460 159.60
17.99 0.13540 159.60
18.03 0.13690 159.60
18.11 0.13910 159.60
18.14 0.14020 159.58
18.20 0.14250 159.58
18.25 0.14400 159.58
18.22 0.14660 159.58
18.28 0.14770 159.58
18.34 0.15070 159.54
18.38 0.15230 159.54
18.51 0.15490 159.55
18.55 0.15790 159.55
18.60 0.16050 159.56
18.59 0.16390 159.56
18.67 0.16610 159.55
18.71 0.16950 159.56
18.78 0.17170 159.56
18.87 0.17550 159.54
18.88 0.17960 159.54
18.98 0.18220 159.55
18.96 0.18640 159.55
19.01 0.18940 159.54
19.07 0.19310 159.54
19.17 0.19610 159.54
19.15 0.20030 159.56
19.22 0.20360 159.56
19.32 0.20850 159.59
19.37 0.21340 159.59
19.37 0.21670 159.61
19.41 0.22270 159.60
19.51 0.22540 159.60
19.57 0.23020 159.58
19.63 0.23440 159.58
19.70 0.23890 159.59
19.74 0.24560 159.59
19.78 0.24940 159.58
19.78 0.25540 159.58
19.83 0.25950 159.56
19.88 0.26550 159.56
20.00 0.27000 159.56
20.02 0.27490 159.55
20.06 0.27940 159.55
20.15 0.28610 159.55
20.12 0.29330 159.55
20.19 0.29780 159.55
20.26 0.30490 159.54
20.36 0.30940 159.54
20.40 0.31650 159.54
20.44 0.32060 159.54
20.49 0.32810 159.58
20.50 0.33680 159.56
20.61 0.33980 159.56
20.62 0.34610 159.56
20.65 0.34990 159.56
20.67 0.35550 159.58
20.74 0.35850 159.58
20.83 0.36300 159.59
20.92 0.36560 159.61
20.98 0.36750 159.61
21.00 0.36830 159.63
21.00 0.36750 159.63
21.10 0.36560 159.61
21.10 0.36380 159.61
21.22 0.35890 159.59
21.27 0.35320 159.59
21.33 0.34580 159.60
21.38 0.33640 159.60
21.43 0.32930 159.63
21.48 0.31800 159.63
21.54 0.31090 159.63
21.57 0.30000 159.63
21.56 0.29210 159.64
21.67 0.28240 159.64
21.66 0.27380 159.63
21.72 0.26360 159.63
21.76 0.25280 159.63
21.83 0.24530 159.63
21.93 0.23620 159.64
21.92 0.22880 159.64
22.01 0.21970 159.63
22.07 0.21410 159.63
22.15 0.20590 159.64
22.11 0.19610 159.63
22.19 0.19120 159.63
22.24 0.18520 159.61
22.35 0.18070 159.61
22.33 0.17590 159.56
22.38 0.17290 159.56
22.42 0.16950 159.56
22.52 0.16720 159.56
22.55 0.16460 159.55
22.64 0.16240 159.55
22.72 0.16090 159.51
22.75 0.16010 159.51
22.73 0.15970 159.50
22.84 0.15940 159.50
22.83 0.15940 159.51
22.91 0.16010 159.51
23.00 0.16090 159.48
23.07 0.16240 159.51
23.04 0.16390 159.51
23.11 0.16460 159.52
23.20 0.16720 159.52
23.27 0.16910 159.51
23.28 0.17100 159.51
23.35 0.17290 159.49
23.40 0.17620 159.49
23.40 0.17920 159.50
23.51 0.18220 159.50
23.53 0.18640 159.49
23.59 0.18940 159.49
23.60 0.19310 159.49
23.65 0.19610 159.48
23.71 0.20030 159.48
23.82 0.20590 159.49
23.81 0.20920 159.49
23.93 0.21380 159.46
23.97 0.21790 159.46
24.02 0.22310 159.46
24.00 0.22690 159.46
24.12 0.23210 159.48
24.14 0.23620 159.48
24.25 0.24260 159.48
24.20 0.24860 159.48
24.33 0.25390 159.49
24.32 0.26030 159.49
24.39 0.26510 159.49
24.46 0.27190 159.49
24.50 0.27710 159.49
24.54 0.28420 159.49
24.65 0.29330 159.52
24.71 0.29930 159.54
24.67 0.30600 159.54
24.80 0.31130 159.51
24.85 0.31870 159.51
24.89 0.32440 159.52
24.86 0.33220 159.52
25.00 0.33830 159.54
24.99 0.34650 159.54
25.03 0.35660 159.54
25.12 0.36380 159.54
25.14 0.37310 159.58
25.19 0.38030 159.60
25.24 0.38890 159.60
25.35 0.39530 159.61
25.42 0.40390 159.61
25.39 0.41360 159.60
25.51 0.42080 159.60
25.50 0.43010 159.64
25.62 0.43730 159.64
25.62 0.44620 159.68
25.65 0.45260 159.68
25.74 0.46010 159.68
25.74 0.46540 159.68
25.88 0.47360 159.74
25.86 0.47960 159.74
25.96 0.48370 159.75
25.94 0.48680 159.75
26.01 0.48900 159.77
26.10 0.49010 159.81
26.18 0.48980 159.81
26.20 0.48820 159.81
26.26 0.48410 159.81
26.30 0.48080 159.85
26.37 0.47550 159.85
26.38 0.46950 159.90
26.39 0.46050 159.91
26.52 0.45490 159.91
26.58 0.44510 159.94
26.62 0.43730 159.94
26.66 0.42710 159.99
26.74 0.41320 159.99
26.80 0.40610 160.00
26.78 0.39490 160.00
26.87 0.38510 160.00
26.94 0.37240 160.02
26.99 0.36300 160.02
26.98 0.35100 160.01
27.05 0.33790 160.01
27.12 0.32660 160.06
27.16 0.31350 160.09
27.25 0.30560 160.09
27.22 0.29400 160.14
27.35 0.28650 160.14
27.35 0.27530 160.15
27.44 0.26960 160.15
27.51 0.26060 160.16
27.49 0.25280 160.19
27.56 0.24710 160.19
27.64 0.24110 160.20
27.71 0.23700 160.20
27.75 0.23210 160.21
27.74 0.22840 160.24
27.82 0.22430 160.24
27.85 0.22090 160.24
27.93 0.21900 160.24
28.02 0.21710 160.29
28.03 0.21640 160.29
28.04 0.21490 160.27
28.15 0.21490 160.27
28.13 0.21560 160.33
28.23 0.21560 160.34
28.27 0.21710 160.34
28.36 0.21900 160.39
28.42 0.22050 160.39
28.45 0.22350 160.39
28.48 0.22540 160.39
28.51 0.22880 160.44
28.63 0.23210 160.44
28.69 0.23550 160.44
28.72 0.24040 160.48
28.71 0.24410 160.48
28.75 0.24940 160.51
28.82 0.25350 160.51
28.86 0.25880 160.50
28.98 0.26320 160.51
28.96 0.26960 160.51
29.06 0.27450 160.52
29.15 0.28090 160.52
29.19 0.28910 160.50
29.25 0.29400 160.50
29.28 0.30260 160.54
29.27 0.30900 160.56
29.38 0.31650 160.56
29.37 0.32250 160.56
29.43 0.33040 160.56
29.51 0.34050 160.60
29.60 0.34840 160.60
29.58 0.35780 160.60
29.69 0.36410 160.61
29.67 0.37310 160.61
29.81 0.38100 160.63
29.83 0.39260 160.63
29.86 0.39940 160.64
29.89 0.41030 160.64
29.92 0.42300 160.61
30.04 0.43160 160.61
30.09 0.44330 160.61
30.07 0.45150 160.58
30.17 0.46310 160.58
30.22 0.47290 160.56
30.28 0.48530 160.56
30.26 0.49910 160.50
30.33 0.51040 160.51
30.36 0.52280 160.51
30.41 0.53180 160.48
30.50 0.54450 160.48
30.56 0.55390 160.45
30.53 0.56740 160.45
30.60 0.57600 160.44
30.70 0.58880 160.44
30.70 0.60190 160.43
30.73 0.61090 160.43
30.83 0.62330 160.43
30.87 0.63190 160.44
30.89 0.64090 160.44
30.95 0.64610 160.41
30.98 0.65320 160.41
31.00 0.66000 160.39
31.05 0.66450 160.39
31.09 0.66750 160.39
31.21 0.66940 160.39
31.24 0.67050 160.35
31.30 0.67090 160.35
31.33 0.66860 160.35
31.33 0.66680 160.36
31.43 0.66230 160.36
31.48 0.65700 160.34
31.52 0.65320 160.34
31.51 0.64580 160.35
31.61 0.64050 160.35
31.63 0.63150 160.35
31.64 0.62480 160.35
31.71 0.61280 160.36
31.80 0.59850 160.36
31.86 0.59100 160.36
31.90 0.57670 160.39
31.95 0.56770 160.39
31.98 0.55200 160.44
32.03 0.54340 160.44
32.07 0.52800 160.46
32.05 0.51830 160.49
32.18 0.50510 160.49
32.20 0.48940 160.54
32.20 0.48040 160.54
32.28 0.46800 160.58
32.37 0.45860 160.58
32.40 0.44700 160.60
32.38 0.44060 160.60
32.44 0.43050 160.60
32.54 0.42040 160.64
32.54 0.41250 160.64
32.58 0.40350 160.64
32.69 0.39750 160.64
32.72 0.39000 160.69
32.71 0.38590 160.69
32.77 0.37990 160.73
32.82 0.37610 160.73
32.87 0.37240 160.77
32.96 0.36940 160.77
32.97 0.36750 160.80
32.99 0.36680 160.80
33.05 0.36560 160.80
33.07 0.36600 160.81
33.12 0.36640 160.81
33.21 0.36750 160.83
33.29 0.36970 160.86
33.27 0.37130 160.86
33.36 0.37350 160.88
33.37 0.37650 160.88
33.46 0.38100 160.91
33.45 0.38440 160.91
33.49 0.39000 160.91
33.56 0.39490 160.91
33.67 0.40090 160.94
33.65 0.40880 160.94
33.69 0.41480 160.95
33.75 0.42490 160.98
33.84 0.43010 160.98
33.89 0.44060 160.96
33.93 0.44700 160.96
33.98 0.45860 160.96
34.03 0.47210 160.96
34.03 0.48110 160.95
34.12 0.49460 160.95
34.11 0.50590 160.98
34.16 0.52280 160.98
34.24 0.53740 160.98
34.28 3.00830 161.01
34.20 3.00450 161.01
34.32 3.00530 161.01
34.32 3.00530 161.01
34.36 3.00490 161.00
34.38 3.00490 161.00
34.48 3.00450 160.99
34.53 3.00450 160.98
34.53 3.00490 160.98
34.65 3.00490 161.00
34.63 3.00450 161.00
