0.35 0.10540 160.31
0.34 0.10500 160.31
0.31 0.10540 160.30
0.35 0.10500 160.30
0.28 0.10500 160.31
0.37 0.10580 160.34
0.29 0.10500 160.34
0.35 0.10540 160.31
0.43 0.10610 160.31
0.43 0.10580 160.34
0.56 0.10540 160.34
0.59 0.10540 160.36
0.70 0.10540 160.36
0.75 0.10540 160.36
0.78 0.10500 160.36
0.94 0.10540 160.38
1.04 0.10540 160.41
1.12 0.10540 160.41
1.24 0.10580 160.43
1.32 0.10540 160.43
1.49 0.10580 160.48
1.60 0.10540 160.48
1.64 0.10540 160.51
1.78 0.10540 160.51
1.87 0.10580 160.51
2.03 0.10580 160.48
2.13 0.10540 160.48
2.22 0.10540 160.48
2.42 0.10540 160.48
2.47 0.10540 160.49
2.52 0.10540 160.49
2.59 0.10540 160.46
2.77 0.10540 160.46
2.81 0.10580 160.46
2.95 0.10580 160.46
2.97 0.10580 160.46
3.10 0.10540 160.46
3.15 0.10540 160.46
3.22 0.10500 160.46
3.35 0.10500 160.48
3.32 0.10540 160.48
3.49 0.10540 160.50
3.50 0.10500 160.50
3.61 0.10500 160.51
3.72 0.10580 160.51
3.68 0.10540 160.54
3.77 0.10580 160.56
3.83 0.10540 160.56
3.97 0.10540 160.56
3.97 0.10540 160.56
4.03 0.10500 160.58
4.17 0.10540 160.58
4.18 0.10540 160.60
4.29 0.10540 160.60
4.34 0.10540 160.54
4.37 0.10610 160.51
4.44 0.10580 160.51
4.47 0.10540 160.51
4.53 0.10580 160.51
4.65 0.10580 160.50
4.69 0.10580 160.50
4.77 0.10610 160.46
4.75 0.10580 160.46
4.88 0.10580 160.46
4.95 0.10650 160.46
5.01 0.10610 160.45
4.98 0.10690 160.46
5.06 0.10650 160.46
5.11 0.10650 160.48
5.23 0.10650 160.48
5.26 0.10690 160.45
5.31 0.10690 160.45
5.34 0.10720 160.43
5.37 0.10720 160.43
5.44 0.10760 160.39
5.56 0.10760 160.39
5.63 0.10760 160.38
5.66 0.10800 160.38
5.65 0.10840 160.35
5.70 0.10880 160.35
5.82 0.10880 160.33
5.89 0.10910 160.33
5.86 0.10880 160.33
5.92 0.10880 160.31
6.04 0.10950 160.31
6.03 0.10990 160.27
6.12 0.10990 160.27
6.21 0.11030 160.25
6.17 0.11060 160.25
6.28 0.11030 160.25
6.31 0.11060 160.29
6.40 0.11060 160.29
6.48 0.11060 160.30
6.44 0.11060 160.30
6.57 0.11060 160.27
6.56 0.11030 160.27
6.63 0.11030 160.25
6.67 0.10990 160.25
6.71 0.10990 160.26
6.82 0.10990 160.26
6.89 0.10990 160.25
6.88 0.10910 160.25
6.90 0.10880 160.25
7.04 0.10880 160.23
7.03 0.10840 160.23
7.13 0.10840 160.23
7.20 0.10840 160.23
7.21 0.10800 160.23
7.30 0.10760 160.20
7.28 0.10760 160.20
7.36 0.10760 160.20
7.37 0.10720 160.20
7.51 0.10720 160.19
7.57 0.10720 160.14
7.54 0.10690 160.14
7.64 0.10690 160.13
7.71 0.10650 160.13
7.70 0.10650 160.11
7.82 0.10650 160.11
7.85 0.10610 160.08
7.89 0.10690 160.08
7.90 0.10690 160.10
8.04 0.10610 160.10
8.08 0.10650 160.11
8.07 0.10650 160.10
8.12 0.10650 160.10
8.24 0.10610 160.08
8.23 0.10650 160.08
8.33 0.10610 160.04
8.36 0.10650 160.04
8.45 0.10650 160.04
8.43 0.10650 160.04
8.54 0.10690 160.02
8.60 0.10720 160.00
8.57 0.10690 160.00
8.62 0.10690 160.01
8.67 0.10690 160.01
8.72 0.10720 159.99
8.84 0.10720 159.99
8.83 0.10720 159.99
8.93 0.10760 159.99
8.98 0.10800 159.99
9.05 0.10800 159.99
9.10 0.10840 159.98
9.15 0.10880 159.98
9.16 0.10910 159.98
9.18 0.10950 159.98
9.32 0.10950 159.99
9.35 0.11030 159.99
9.43 0.11060 159.99
9.39 0.11100 159.99
9.52 0.11140 160.01
9.52 0.11210 160.02
9.60 0.11210 160.02
9.60 0.11250 159.99
9.72 0.11360 159.99
9.70 0.11400 159.96
9.82 0.11440 159.96
9.80 0.11440 159.93
9.91 0.11510 159.93
9.96 0.11590 159.89
10.03 0.11620 159.89
10.08 0.11740 159.84
10.15 0.11810 159.83
10.10 0.11810 159.83
10.24 0.11890 159.81
10.21 0.11960 159.81
10.26 0.12110 159.76
10.32 0.12190 159.76
10.37 0.12260 159.73
10.50 0.12340 159.73
10.53 0.12450 159.68
10.56 0.12600 159.68
10.65 0.12640 159.68
10.62 0.12680 159.66
10.73 0.12820 159.66
10.72 0.12900 159.63
10.86 0.13010 159.63
10.90 0.13120 159.63
10.89 0.13200 159.63
10.96 0.13310 159.63
10.98 0.13390 159.63
11.08 0.13460 159.60
11.08 0.13540 159.60
11.13 0.13570 159.59
11.18 0.13610 159.59
11.33 0.13650 159.58
11.29 0.13610 159.58
11.43 0.13610 159.55
11.46 0.13500 159.55
11.51 0.13460 159.52
11.48 0.13390 159.52
11.55 0.13240 159.55
11.65 0.13090 159.55
11.67 0.12860 159.58
11.79 0.12680 159.58
11.75 0.12490 159.59
11.81 0.12380 159.59
11.88 0.12190 159.60
11.97 0.12080 159.61
12.02 0.11850 159.61
12.08 0.11810 159.63
12.15 0.11660 159.63
12.18 0.11510 159.65
12.24 0.11440 159.65
12.21 0.11330 159.68
12.25 0.11210 159.68
12.36 0.11100 159.68
12.39 0.11140 159.71
12.48 0.11030 159.71
12.54 0.10950 159.70
12.61 0.10910 159.70
12.56 0.10840 159.70
12.71 0.10840 159.70
12.67 0.10840 159.74
12.80 0.10800 159.74
12.83 0.10720 159.71
12.87 0.10720 159.71
12.96 0.10720 159.71
12.99 0.10720 159.74
12.99 0.10720 159.74
13.05 0.10690 159.70
13.08 0.10690 159.70
13.18 0.10720 159.69
13.25 0.10690 159.69
13.25 0.10760 159.70
13.33 0.10760 159.70
13.36 0.10760 159.74
13.46 0.10840 159.74
13.46 0.10840 159.75
13.55 0.10840 159.75
13.54 0.10910 159.74
13.61 0.11030 159.74
13.64 0.10990 159.74
13.70 0.11060 159.75
13.77 0.11140 159.75
13.87 0.11140 159.76
13.87 0.11180 159.76
13.98 0.11330 159.76
13.94 0.11360 159.76
14.00 0.11440 159.77
14.13 0.11550 159.79
14.16 0.11660 159.79
14.22 0.11740 159.81
14.28 0.11810 159.81
14.28 0.11890 159.83
14.38 0.12040 159.83
14.38 0.12040 159.84
14.40 0.12190 159.84
14.45 0.12340 159.85
14.52 0.12490 159.85
14.64 0.12640 159.81
14.69 0.12710 159.81
14.66 0.12940 159.81
14.76 0.13090 159.80
14.81 0.13200 159.80
14.82 0.13310 159.77
14.88 0.13460 159.77
14.95 0.13730 159.80
14.99 0.13800 159.80
15.05 0.14060 159.77
15.15 0.14210 159.77
15.19 0.14400 159.77
15.20 0.14550 159.75
15.29 0.14810 159.75
15.31 0.14920 159.71
15.41 0.15110 159.71
15.40 0.15450 159.71
15.47 0.15640 159.70
15.54 0.15820 159.70
15.54 0.16010 159.65
15.60 0.16240 159.65
15.63 0.16460 159.63
15.73 0.16690 159.63
15.75 0.16990 159.59
15.86 0.17140 159.59
15.88 0.17440 159.52
15.97 0.17620 159.46
16.00 0.17810 159.46
16.00 0.17920 159.45
16.03 0.18150 159.45
16.09 0.18220 159.41
16.18 0.18370 159.41
16.20 0.18450 159.38
16.29 0.18490 159.38
16.33 0.18370 159.35
16.36 0.18260 159.34
16.39 0.18110 159.34
16.46 0.17920 159.33
16.60 0.17620 159.33
16.63 0.17210 159.33
16.70 0.16910 159.33
16.72 0.16500 159.33
16.78 0.16200 159.33
16.76 0.15670 159.27
16.87 0.15340 159.29
16.94 0.14920 159.29
16.98 0.14620 159.26
17.06 0.14210 159.26
17.02 0.13880 159.26
17.08 0.13570 159.26
17.12 0.13240 159.25
17.23 0.13050 159.26
17.23 0.12710 159.26
17.29 0.12600 159.25
17.38 0.12300 159.25
17.38 0.12080 159.26
17.44 0.11890 159.26
17.48 0.11740 159.26
17.59 0.11620 159.27
17.57 0.11480 159.27
17.71 0.11360 159.30
17.74 0.11210 159.30
17.80 0.11140 159.35
17.82 0.11140 159.35
17.89 0.11030 159.35
17.91 0.10950 159.38
18.00 0.10950 159.38
17.99 0.10910 159.40
18.10 0.10910 159.40
18.10 0.10910 159.40
18.16 0.10910 159.40
18.20 0.10950 159.44
18.34 0.10990 159.44
18.28 0.10990 159.44
18.35 0.11060 159.44
18.43 0.11100 159.44
18.53 0.11180 159.45
18.48 0.11210 159.45
18.62 0.11290 159.50
18.63 0.11360 159.50
18.67 0.11480 159.52
18.72 0.11550 159.52
18.77 0.11620 159.54
18.89 0.11770 159.54
18.92 0.11850 159.54
18.91 0.11960 159.58
19.04 0.12150 159.58
19.07 0.12260 159.60
19.12 0.12490 159.65
19.18 0.12640 159.65
19.18 0.12750 159.70
19.20 0.12970 159.70
19.29 0.13090 159.74
19.34 0.13310 159.74
19.41 0.13460 159.76
19.51 0.13760 159.76
19.46 0.13990 159.76
19.53 0.14140 159.79
19.57 0.14440 159.79
19.63 0.14660 159.83
19.66 0.14920 159.83
19.74 0.15110 159.85
19.86 0.15450 159.88
19.83 0.15790 159.88
19.89 0.15970 159.93
19.93 0.16310 159.93
19.97 0.16500 159.95
20.11 0.16990 159.98
20.15 0.17170 159.98
20.20 0.17550 160.01
20.19 0.17810 160.01
20.29 0.18190 160.06
20.28 0.18600 160.06
20.41 0.18900 160.09
20.45 0.19310 160.10
20.52 0.19650 160.10
20.56 0.20030 160.14
20.54 0.20320 160.14
20.67 0.20740 160.16
20.70 0.21300 160.18
20.78 0.21600 160.18
20.75 0.21940 160.16
20.83 0.22240 160.16
20.91 0.22650 160.15
20.98 0.22950 160.15
20.99 0.23360 160.14
21.01 0.23660 160.13
21.12 0.23890 160.13
21.18 0.24190 160.10
21.16 0.24340 160.10
21.22 0.24490 160.13
21.34 0.24530 160.13
21.38 0.24490 160.10
21.39 0.24450 160.10
21.50 0.24260 160.09
21.48 0.23850 160.09
21.60 0.23590 160.09
21.59 0.23140 160.09
21.68 0.22800 160.09
21.72 0.22270 160.09
21.78 0.21830 160.08
21.82 0.21150 160.08
21.82 0.20740 160.08
21.97 0.20060 160.08
21.92 0.19460 160.06
21.98 0.19010 160.06
22.03 0.18410 160.04
22.12 0.17960 160.04
22.13 0.17330 160.02
22.26 0.16870 160.04
22.26 0.16390 160.04
22.35 0.15750 160.00
22.41 0.15380 160.00
22.38 0.14920 159.99
22.47 0.14590 159.99
22.55 0.14140 159.98
22.54 0.13840 159.96
22.65 0.13460 159.96
22.69 0.13200 159.94
22.78 0.12970 159.94
22.80 0.12600 159.91
22.87 0.12450 159.91
22.85 0.12260 159.91
22.96 0.12110 159.91
22.94 0.11960 159.94
23.02 0.11850 159.94
23.10 0.11740 159.95
23.16 0.11700 159.96
23.16 0.11620 159.96
23.25 0.11550 159.98
23.32 0.11510 159.98
23.36 0.11550 159.99
23.43 0.11590 159.99
23.45 0.11590 160.00
23.47 0.11660 160.00
23.52 0.11700 160.00
23.57 0.11850 160.01
23.62 0.11890 160.01
23.66 0.12040 160.00
23.79 0.12110 160.00
23.79 0.12230 159.98
23.86 0.12340 159.98
23.88 0.12490 160.00
23.97 0.12750 160.00
23.99 0.12860 159.99
24.08 0.13120 159.99
24.08 0.13240 159.99
24.12 0.13500 160.02
24.18 0.13690 160.02
24.21 0.13990 160.05
24.28 0.14170 160.05
24.33 0.14510 160.08
24.40 0.14810 160.11
24.51 0.15070 160.11
24.54 0.15380 160.15
24.53 0.15640 160.15
24.56 0.16010 160.19
24.63 0.16240 160.19
24.70 0.16690 160.23
24.73 0.17140 160.23
24.87 0.17470 160.25
24.90 0.17890 160.25
24.90 0.18260 160.24
24.96 0.18750 160.26
24.99 0.19050 160.26
25.10 0.19570 160.27
25.08 0.19910 160.27
25.16 0.20440 160.27
25.19 0.21000 160.27
25.24 0.21410 160.27
25.29 0.21970 160.27
25.35 0.22460 160.25
25.44 0.23060 160.25
25.51 0.23400 160.25
25.54 0.24070 160.26
25.61 0.24710 160.26
25.61 0.25160 160.29
25.72 0.25760 160.29
25.78 0.26210 160.23
25.74 0.26810 160.23
25.88 0.27300 160.24
25.89 0.28050 160.23
25.90 0.28350 160.23
26.03 0.28950 160.21
26.03 0.29440 160.21
26.13 0.29850 160.18
26.13 0.30340 160.18
26.16 0.30600 160.16
26.21 0.30940 160.14
26.32 0.31130 160.14
26.39 0.31280 160.14
26.41 0.31310 160.14
26.43 0.31350 160.10
26.49 0.31200 160.10
26.57 0.31090 160.06
26.58 0.30830 160.06
26.62 0.30560 160.06
26.72 0.30110 160.06
26.72 0.29740 160.06
26.86 0.29210 160.06
26.83 0.28500 160.04
26.88 0.28050 160.01
26.91 0.27410 160.01
27.05 0.26890 159.99
27.01 0.26250 159.99
27.07 0.25690 159.98
27.15 0.24900 159.98
27.21 0.24070 160.00
27.25 0.23400 160.00
27.28 0.22650 160.00
27.34 0.22090 160.00
27.37 0.21300 159.99
27.51 0.20740 159.99
27.49 0.19950 159.99
27.54 0.19390 160.01
27.60 0.18640 160.01
27.70 0.17920 159.99
27.77 0.17550 159.99
27.81 0.17020 159.99
27.86 0.16610 159.99
27.87 0.16160 159.99
27.95 0.15820 159.99
27.99 0.15410 160.01
28.00 0.14960 160.01
28.12 0.14700 160.00
28.17 0.14360 160.00
28.15 0.14100 160.01
28.20 0.13840 160.01
28.31 0.13730 160.01
28.28 0.13540 160.02
28.39 0.13460 160.02
28.45 0.13310 160.02
28.45 0.13240 160.02
28.54 0.13200 160.00
28.62 0.13240 160.01
28.62 0.13200 160.01
28.72 0.13240 160.02
28.72 0.13240 160.02
28.80 0.13350 160.01
28.83 0.13500 160.01
28.88 0.13570 160.04
28.92 0.13760 160.04
28.97 0.13880 160.04
29.00 0.14100 160.04
29.11 0.14250 160.04
29.13 0.14550 160.04
29.23 0.14740 160.04
29.24 0.15040 160.08
29.35 0.15380 160.08
29.33 0.15670 160.10
29.37 0.16050 160.10
29.44 0.16310 160.13
29.53 0.16720 160.13
29.53 0.16910 160.19
29.60 0.17440 160.19
29.63 0.17920 160.21
29.77 0.18300 160.21
29.72 0.18790 160.23
29.79 0.19160 160.23
29.89 0.19720 160.24
29.89 0.20170 160.24
29.97 0.20770 160.26
29.99 0.21110 160.26
30.06 0.21970 160.26
30.12 0.22650 160.25
30.21 0.23170 160.25
30.22 0.23810 160.27
30.32 0.24410 160.27
30.28 0.25090 160.27
30.40 0.25650 160.27
30.42 0.26400 160.30
30.51 0.27340 160.30
30.51 0.27860 160.30
30.60 0.28610 160.30
30.60 0.29210 160.29
30.69 0.30110 160.29
30.77 0.30790 160.35
30.74 0.31690 160.35
30.83 0.32330 160.38
30.93 0.33300 160.40
30.96 0.34240 160.40
31.00 0.34840 160.44
31.00 0.35550 160.44
31.05 0.36110 160.46
31.13 0.36940 160.46
31.18 0.37430 160.46
31.21 0.38030 160.46
31.31 0.38700 160.46
31.31 0.39070 160.46
31.41 0.39560 160.46
31.42 0.39860 160.44
31.43 0.40130 160.44
31.55 0.40310 160.44
31.55 0.40430 160.44
31.58 0.40500 160.48
31.71 0.40430 160.50
31.71 0.40240 160.50
31.77 0.40130 160.49
31.76 0.39900 160.49
31.88 0.39560 160.52
31.85 0.39150 160.52
31.96 0.38780 160.55
32.02 0.38170 160.56
32.06 0.37500 160.56
32.05 0.37130 160.61
32.08 0.36300 160.61
32.13 0.35810 160.60
32.21 0.34990 160.60
32.30 0.34310 160.64
32.26 0.33410 160.69
32.32 0.32740 160.69
32.42 0.31760 160.68
32.40 0.30860 160.68
32.46 0.30110 160.68
32.54 0.29140 160.68
32.55 0.28420 160.68
32.64 0.27560 160.65
32.70 0.27000 160.65
32.70 0.26210 160.63
32.80 0.25240 160.63
32.84 0.24640 160.63
32.83 0.23850 160.63
32.94 0.23360 160.64
32.98 0.22650 160.64
32.99 0.22120 160.66
33.07 0.21560 160.66
33.11 0.21070 160.68
33.11 0.20590 160.68
33.14 0.20100 160.68
33.20 0.19720 160.64
33.28 0.19390 160.64
33.36 0.19120 160.63
33.32 0.18820 160.63
33.38 0.18640 160.65
33.44 0.18410 160.60
33.53 0.18190 160.60
33.55 0.18070 160.60
33.62 0.17960 160.60
33.61 0.17920 160.60
33.66 0.17960 160.59
33.70 0.17960 160.59
33.74 0.18040 160.56
33.84 0.18070 160.56
33.86 0.18190 160.54
33.88 0.18450 160.51
33.94 0.18520 160.51
34.02 0.18790 160.46
34.05 0.18940 160.46
34.12 0.19310 160.46
34.12 0.19650 160.46
34.24 0.19990 160.46
34.23 0.20440 160.48
34.27 0.20810 160.48
34.35 0.21340 160.48
34.36 0.21640 160.48
34.45 0.22160 160.46
34.45 0.22570 160.46
34.48 0.23170 160.45
34.60 0.23740 160.45
34.60 0.24530 160.43
34.63 0.25420 160.44
