0.49 0.10580 180.02
0.47 0.10650 180.02
0.49 0.10610 180.02
0.48 0.10610 180.01
0.48 0.10610 180.01
0.49 0.10540 180.04
0.42 0.10580 180.04
0.53 0.10650 180.04
0.49 0.10610 180.04
0.59 0.10610 180.05
0.60 0.10610 180.05
0.66 0.10610 180.05
0.73 0.10580 180.05
0.88 0.10610 180.06
0.97 0.10580 180.06
1.01 0.10610 180.05
1.16 0.10580 180.05
1.27 0.10610 180.09
1.31 0.10610 180.09
1.43 0.10580 180.08
1.59 0.10580 180.08
1.66 0.10580 180.11
1.76 0.10610 180.13
1.91 0.10580 180.13
1.99 0.10580 180.14
2.15 0.10610 180.14
2.25 0.10540 180.15
2.41 0.10580 180.15
2.53 0.10580 180.14
2.53 0.10580 180.14
2.63 0.10580 180.13
2.78 0.10610 180.13
2.82 0.10580 180.14
3.00 0.10610 180.14
3.05 0.10540 180.14
3.16 0.10610 180.14
3.14 0.10540 180.15
3.23 0.10580 180.15
3.37 0.10580 180.15
3.43 0.10580 180.15
3.51 0.10580 180.16
3.53 0.10610 180.16
3.67 0.10580 180.13
3.76 0.10580 180.13
3.77 0.10580 180.09
3.85 0.10580 180.09
3.96 0.10580 180.04
4.00 0.10580 180.04
4.01 0.10580 180.00
4.15 0.10610 179.96
4.14 0.10610 179.96
4.30 0.10580 179.93
4.27 0.10580 179.93
4.41 0.10610 179.90
4.40 0.10580 179.90
4.48 0.10580 179.85
4.54 0.10610 179.81
4.59 0.10610 179.81
4.73 0.10580 179.79
4.73 0.10610 179.79
4.84 0.10580 179.76
4.89 0.10610 179.76
4.90 0.10580 179.73
4.98 0.10610 179.73
4.98 0.10580 179.69
5.07 0.10580 179.69
5.19 0.10610 179.69
5.25 0.10610 179.69
5.26 0.10610 179.69
5.34 0.10610 179.69
5.41 0.10610 179.66
5.43 0.10610 179.66
5.47 0.10650 179.64
5.50 0.10580 179.64
5.61 0.10610 179.61
5.65 0.10580 179.61
5.70 0.10650 179.59
5.79 0.10610 179.55
5.84 0.10610 179.55
5.81 0.10610 179.55
5.96 0.10610 179.55
5.99 0.10610 179.52
6.06 0.10580 179.52
6.05 0.10580 179.54
6.10 0.10610 179.54
6.15 0.10610 179.54
6.26 0.10610 179.54
6.26 0.10610 179.54
6.35 0.10610 179.54
6.40 0.10610 179.56
6.43 0.10650 179.56
6.48 0.10690 179.59
6.53 0.10610 179.59
6.64 0.10650 179.58
6.70 0.10650 179.58
6.74 0.10650 179.58
6.73 0.10690 179.58
6.86 0.10650 179.58
6.83 0.10650 179.56
6.97 0.10690 179.56
6.94 0.10650 179.58
7.01 0.10690 179.56
7.11 0.10650 179.56
7.15 0.10690 179.56
7.14 0.10650 179.56
7.27 0.10650 179.55
7.27 0.10690 179.55
7.37 0.10610 179.52
7.40 0.10720 179.52
7.42 0.10650 179.52
7.47 0.10690 179.51
7.53 0.10690 179.51
7.61 0.10650 179.51
7.69 0.10650 179.51
7.70 0.10650 179.54
7.81 0.10690 179.51
7.77 0.10650 179.51
7.87 0.10690 179.51
7.86 0.10650 179.51
7.97 0.10610 179.50
8.00 0.10690 179.52
8.11 0.10690 179.52
8.09 0.10690 179.56
8.22 0.10690 179.56
8.23 0.10610 179.58
8.23 0.10650 179.58
8.29 0.10610 179.58
8.39 0.10650 179.60
8.41 0.10610 179.60
8.48 0.10610 179.63
8.49 0.10610 179.63
8.56 0.10580 179.64
8.67 0.10610 179.64
8.73 0.10610 179.66
8.71 0.10650 179.69
8.81 0.10610 179.69
8.81 0.10610 179.71
8.85 0.10650 179.71
8.91 0.10610 179.73
8.96 0.10610 179.73
9.10 0.10610 179.75
9.11 0.10650 179.79
9.12 0.10650 179.79
9.15 0.10610 179.79
9.21 0.10580 179.79
9.28 0.10610 179.83
9.32 0.10580 179.83
9.44 0.10580 179.86
9.50 0.10580 179.86
9.47 0.10580 179.88
9.52 0.10690 179.94
9.59 0.10610 179.94
9.68 0.10580 179.98
9.68 0.10610 179.98
9.74 0.10580 180.02
9.85 0.10610 180.02
9.86 0.10610 180.05
9.87 0.10650 180.05
9.96 0.10580 180.04
9.97 0.10650 180.04
10.12 0.10650 180.05
10.18 0.10650 180.08
10.19 0.10610 180.08
10.23 0.10610 180.09
10.31 0.10610 180.09
10.29 0.10610 180.10
10.41 0.10610 180.10
10.45 0.10610 180.13
10.44 0.10650 180.13
10.50 0.10690 180.13
10.57 0.10650 180.13
10.60 0.10650 180.10
10.74 0.10690 180.10
10.69 0.10690 180.10
10.84 0.10690 180.10
10.80 0.10720 180.10
10.94 0.10690 180.14
10.93 0.10650 180.14
11.01 0.10760 180.13
11.09 0.10760 180.13
11.07 0.10760 180.14
11.14 0.10760 180.14
11.24 0.10800 180.15
11.22 0.10800 180.15
11.33 0.10800 180.14
11.32 0.10800 180.14
11.46 0.10840 180.13
11.50 0.10840 180.13
11.55 0.10880 180.10
11.52 0.10910 180.10
11.60 0.10880 180.10
11.67 0.10910 180.10
11.71 0.10880 180.10
11.74 0.10880 180.08
11.78 0.10910 180.08
11.88 0.10910 180.10
11.95 0.10950 180.09
11.94 0.10880 180.09
12.02 0.10910 180.06
12.11 0.10840 180.06
12.08 0.10880 180.06
12.14 0.10880 180.06
12.26 0.10910 180.04
12.25 0.10840 180.04
12.36 0.10880 180.02
12.41 0.10840 180.02
12.45 0.10760 180.00
12.50 0.10800 180.00
12.50 0.10840 180.02
12.59 0.10800 180.02
12.60 0.10760 180.02
12.72 0.10760 180.02
12.69 0.10720 180.02
12.77 0.10760 180.02
12.85 0.10720 179.98
12.91 0.10720 179.98
12.97 0.10720 179.96
13.01 0.10720 179.96
13.04 0.10690 179.96
13.06 0.10690 179.93
13.16 0.10690 179.93
13.19 0.10690 179.93
13.22 0.10690 179.93
13.33 0.10650 179.94
13.39 0.10690 179.94
13.45 0.10650 179.95
13.48 0.10610 179.95
13.50 0.10650 179.95
13.53 0.10650 179.95
13.58 0.10610 179.95
13.61 0.10610 179.95
13.67 0.10650 179.93
13.79 0.10650 179.90
13.84 0.10610 179.90
13.84 0.10650 179.86
13.89 0.10610 179.86
14.01 0.10580 179.86
13.97 0.10610 179.86
14.05 0.10650 179.85
14.07 0.10610 179.85
14.20 0.10610 179.85
14.27 0.10580 179.85
14.31 0.10610 179.81
14.34 0.10610 179.83
14.41 0.10610 179.83
14.40 0.10580 179.81
14.50 0.10650 179.81
14.49 0.10690 179.80
14.61 0.10610 179.80
14.67 0.10610 179.77
14.73 0.10650 179.74
14.72 0.10580 179.74
14.82 0.10650 179.73
14.79 0.10610 179.73
14.87 0.10650 179.70
14.90 0.10650 179.70
15.03 0.10650 179.68
15.05 0.10690 179.68
15.09 0.10690 179.65
15.11 0.10690 179.65
15.17 0.10690 179.63
15.28 0.10720 179.60
15.33 0.10720 179.60
15.31 0.10760 179.56
15.41 0.10760 179.56
15.49 0.10800 179.54
15.54 0.10800 179.54
15.52 0.10840 179.55
15.65 0.10880 179.55
15.62 0.10910 179.51
15.75 0.10880 179.51
15.74 0.10950 179.50
15.77 0.10910 179.50
15.85 0.10950 179.48
15.95 0.11060 179.46
15.96 0.11030 179.46
16.03 0.11100 179.45
16.03 0.11100 179.45
16.14 0.11140 179.44
16.20 0.11180 179.43
16.17 0.11210 179.43
16.30 0.11180 179.41
16.31 0.11250 179.41
16.34 0.11330 179.41
16.40 0.11330 179.41
16.43 0.11360 179.41
16.54 0.11360 179.44
16.53 0.11360 179.44
16.67 0.11400 179.46
16.73 0.11440 179.46
16.71 0.11440 179.49
16.76 0.11400 179.49
16.87 0.11400 179.50
16.86 0.11360 179.50
16.91 0.11360 179.50
16.95 0.11330 179.51
16.99 0.11290 179.51
17.11 0.11210 179.51
17.19 0.11250 179.51
17.15 0.11180 179.52
17.21 0.11100 179.52
17.32 0.11140 179.51
17.39 0.11100 179.51
17.36 0.11030 179.52
17.41 0.11060 179.54
17.51 0.10950 179.54
17.56 0.10950 179.58
17.63 0.10910 179.58
17.61 0.10880 179.59
17.72 0.10840 179.59
17.77 0.10760 179.59
17.84 0.10840 179.61
17.82 0.10840 179.61
17.95 0.10760 179.63
17.93 0.10760 179.63
18.04 0.10720 179.63
18.04 0.10760 179.63
18.13 0.10650 179.65
18.20 0.10650 179.65
18.19 0.10690 179.65
18.30 0.10690 179.65
18.29 0.10650 179.65
18.40 0.10610 179.65
18.38 0.10650 179.65
18.49 0.10650 179.65
18.49 0.10610 179.65
18.60 0.10650 179.64
18.58 0.10650 179.64
18.70 0.10610 179.64
18.68 0.10610 179.64
18.81 0.10610 179.63
18.79 0.10610 179.63
18.92 0.10610 179.61
18.95 0.10580 179.63
19.02 0.10580 179.63
19.06 0.10580 179.61
19.11 0.10610 179.61
19.11 0.10580 179.63
19.22 0.10580 179.63
19.27 0.10580 179.61
19.32 0.10610 179.60
19.30 0.10580 179.60
19.36 0.10580 179.56
19.46 0.10610 179.56
19.47 0.10650 179.58
19.50 0.10610 179.58
19.56 0.10610 179.59
19.60 0.10650 179.59
19.74 0.10690 179.56
19.78 0.10720 179.56
19.76 0.10690 179.56
19.81 0.10690 179.56
19.94 0.10760 179.56
19.93 0.10690 179.55
19.97 0.10760 179.55
20.03 0.10760 179.55
20.14 0.10840 179.55
20.12 0.10840 179.55
20.16 0.10880 179.52
20.29 0.10910 179.52
20.34 0.10950 179.50
20.34 0.10950 179.50
20.39 0.10990 179.50
20.50 0.11100 179.48
20.56 0.11140 179.48
20.60 0.11140 179.46
20.58 0.11180 179.46
20.61 0.11210 179.48
20.69 0.11250 179.48
20.80 0.11330 179.45
20.78 0.11400 179.45
20.87 0.11440 179.46
20.92 0.11510 179.46
20.94 0.11620 179.46
20.98 0.11620 179.46
21.12 0.11700 179.44
21.14 0.11770 179.44
21.15 0.11810 179.45
21.20 0.11920 179.46
21.30 0.11960 179.46
21.38 0.11960 179.44
21.36 0.12000 179.44
21.47 0.12080 179.45
21.44 0.12080 179.45
21.50 0.12080 179.46
21.56 0.12150 179.46
21.61 0.12150 179.49
21.68 0.12080 179.49
21.76 0.12110 179.51
21.83 0.12080 179.51
21.87 0.12040 179.51
21.94 0.12000 179.55
21.90 0.11920 179.55
21.99 0.11890 179.54
22.09 0.11770 179.54
22.10 0.11770 179.58
22.20 0.11700 179.58
22.18 0.11590 179.59
22.22 0.11550 179.59
22.26 0.11400 179.59
22.31 0.11360 179.61
22.43 0.11290 179.61
22.44 0.11180 179.64
22.52 0.11180 179.64
22.58 0.11100 179.64
22.62 0.11060 179.69
22.68 0.10950 179.69
22.74 0.10990 179.71
22.76 0.10880 179.71
22.85 0.10880 179.70
22.90 0.10880 179.70
22.96 0.10800 179.70
22.94 0.10760 179.71
23.02 0.10800 179.71
23.05 0.10800 179.73
23.14 0.10690 179.73
23.12 0.10720 179.73
23.28 0.10690 179.70
23.24 0.10690 179.70
23.37 0.10610 179.70
23.33 0.10650 179.70
23.46 0.10650 179.69
23.44 0.10610 179.69
23.56 0.10610 179.68
23.61 0.10610 179.68
23.66 0.10580 179.68
23.69 0.10580 179.65
23.65 0.10650 179.65
23.73 0.10610 179.70
23.77 0.10610 179.70
23.81 0.10580 179.73
23.93 0.10610 179.73
23.91 0.10580 179.74
23.98 0.10610 179.75
24.05 0.10580 179.75
24.13 0.10610 179.77
24.20 0.10650 179.77
24.26 0.10580 179.81
24.22 0.10610 179.81
24.29 0.10650 179.80
24.38 0.10610 179.79
24.39 0.10580 179.79
24.45 0.10610 179.79
24.55 0.10690 179.79
24.55 0.10650 179.81
24.66 0.10720 179.84
24.72 0.10720 179.84
24.72 0.10800 179.85
24.80 0.10720 179.85
24.82 0.10840 179.85
24.89 0.10880 179.89
24.93 0.10840 179.89
24.98 0.10880 179.94
25.07 0.10910 179.94
25.09 0.10990 179.96
25.09 0.11030 179.96
25.21 0.11060 179.99
25.24 0.11140 180.01
25.26 0.11250 180.01
25.38 0.11250 180.06
25.42 0.11330 180.06
25.43 0.11440 180.10
25.46 0.11480 180.10
25.49 0.11510 180.11
25.62 0.11620 180.13
25.62 0.11700 180.13
25.68 0.11740 180.18
25.80 0.11890 180.18
25.75 0.11960 180.21
25.89 0.12040 180.21
25.85 0.12110 180.24
25.93 0.12230 180.27
25.95 0.12380 180.27
26.08 0.12410 180.34
26.15 0.12520 180.34
26.18 0.12640 180.38
26.17 0.12640 180.38
26.29 0.12750 180.44
26.32 0.12820 180.44
26.38 0.12860 180.48
26.40 0.12820 180.48
26.50 0.12940 180.51
26.54 0.13010 180.54
26.60 0.13010 180.54
26.60 0.12970 180.59
26.68 0.12970 180.59
26.68 0.12900 180.61
26.80 0.12900 180.61
26.78 0.12820 180.63
26.83 0.12750 180.63
26.91 0.12640 180.65
27.01 0.12520 180.65
27.00 0.12410 180.66
27.03 0.12340 180.69
27.08 0.12230 180.69
27.20 0.12080 180.68
27.24 0.12000 180.68
27.30 0.11850 180.66
27.30 0.11740 180.66
27.36 0.11660 180.66
27.40 0.11550 180.66
27.53 0.11510 180.66
27.55 0.11400 180.64
27.62 0.11330 180.64
27.59 0.11180 180.65
27.72 0.11210 180.65
27.71 0.11100 180.64
27.76 0.11060 180.64
27.81 0.10990 180.60
27.91 0.10950 180.60
27.92 0.10910 180.59
28.02 0.10840 180.59
28.04 0.10840 180.59
28.14 0.10800 180.59
28.11 0.10800 180.56
28.20 0.10720 180.56
28.27 0.10760 180.55
28.34 0.10720 180.52
28.31 0.10690 180.52
28.43 0.10690 180.51
28.43 0.10650 180.51
28.53 0.10610 180.50
28.53 0.10650 180.50
28.57 0.10610 180.46
28.68 0.10610 180.46
28.67 0.10580 180.46
28.72 0.10650 180.44
28.79 0.10650 180.43
28.88 0.10580 180.43
28.89 0.10580 180.40
28.93 0.10610 180.40
29.06 0.10610 180.38
29.03 0.10610 180.38
29.14 0.10580 180.38
29.14 0.10610 180.38
29.25 0.10610 180.38
29.24 0.10650 180.38
29.35 0.10650 180.35
29.35 0.10650 180.35
29.45 0.10690 180.36
29.45 0.10650 180.36
29.51 0.10760 180.35
29.60 0.10760 180.33
29.66 0.10760 180.33
29.64 0.10840 180.33
29.77 0.10800 180.33
29.80 0.10880 180.33
29.80 0.10910 180.33
29.84 0.10950 180.30
29.96 0.10990 180.30
29.97 0.11030 180.30
30.07 0.11140 180.30
30.10 0.11210 180.31
30.10 0.11250 180.31
30.21 0.11330 180.38
30.28 0.11440 180.43
30.32 0.11480 180.43
30.29 0.11550 180.44
30.41 0.11620 180.44
30.47 0.11740 180.50
30.52 0.11810 180.50
30.55 0.11890 180.54
30.61 0.12150 180.56
30.68 0.12190 180.56
30.70 0.12300 180.61
30.78 0.12410 180.61
30.82 0.12520 180.68
30.83 0.12680 180.76
30.85 0.12790 180.76
30.92 0.12900 180.80
30.98 0.13090 180.80
31.07 0.13160 180.85
31.07 0.13270 180.85
31.15 0.13420 180.89
31.18 0.13540 180.89
31.28 0.13650 180.94
31.30 0.13730 180.98
31.40 0.13800 180.98
31.38 0.13910 181.04
31.43 0.13910 181.04
31.46 0.14020 181.09
31.58 0.14020 181.09
31.57 0.13990 181.09
31.66 0.14060 181.13
31.71 0.13990 181.13
31.79 0.13950 181.15
31.79 0.13840 181.15
31.84 0.13760 181.15
31.95 0.13650 181.15
31.97 0.13540 181.15
32.06 0.13420 181.13
32.09 0.13350 181.14
32.14 0.13160 181.14
32.15 0.13010 181.11
32.26 0.12900 181.11
32.32 0.12710 181.08
32.32 0.12680 181.08
32.42 0.12450 181.09
32.40 0.12300 181.09
32.46 0.12190 181.09
32.48 0.12110 181.06
32.57 0.12000 181.06
32.65 0.11890 181.04
32.64 0.11700 181.06
32.69 0.11590 181.06
32.79 0.11480 181.04
32.79 0.11440 181.04
32.86 0.11360 181.06
32.93 0.11290 181.06
32.99 0.11210 181.05
32.97 0.11140 181.02
33.08 0.11060 181.02
33.12 0.11030 181.01
33.17 0.10990 181.01
33.14 0.10910 180.98
33.23 0.10880 180.98
33.23 0.10840 180.98
33.33 0.10880 180.94
33.34 0.10800 180.94
33.38 0.10760 180.91
33.43 0.10760 180.91
33.53 0.10720 180.91
33.52 0.10720 180.91
33.56 0.10650 180.86
33.67 0.10690 180.85
33.73 0.10650 180.85
33.71 0.10690 180.81
33.76 0.10650 180.81
33.83 0.10650 180.79
33.91 0.10650 180.79
33.89 0.10610 180.80
33.93 0.10650 180.79
34.03 0.10650 180.79
34.08 0.10690 180.75
34.14 0.10610 180.75
34.16 0.10650 180.73
34.24 0.10650 180.73
34.20 0.10720 180.68
34.26 0.10720 180.64
34.30 0.10720 180.64
34.40 0.10800 180.61
34.41 0.10840 180.61
34.47 0.10840 180.59
34.56 0.10880 180.59
34.60 0.10950 180.54
34.58 0.11030 180.51
