0.18 0.10610 199.93
0.21 0.10580 199.93
0.21 0.10580 199.93
0.22 0.10580 199.91
0.21 0.10580 199.91
0.23 0.10580 199.93
0.17 0.10580 199.89
0.23 0.10580 199.89
0.23 0.10610 199.88
0.35 0.10580 199.88
0.40 0.10580 199.88
0.48 0.10580 199.88
0.48 0.10610 199.88
0.54 0.10610 199.88
0.68 0.10580 199.88
0.73 0.10580 199.88
0.87 0.10580 199.88
1.03 0.10580 199.89
1.06 0.10610 199.89
1.25 0.10540 199.91
1.28 0.10610 199.93
1.48 0.10580 199.93
1.53 0.10580 199.95
1.65 0.10580 199.95
1.73 0.10580 199.96
1.92 0.10610 199.96
1.98 0.10610 199.96
2.07 0.10580 199.98
2.26 0.10610 199.98
2.30 0.10580 199.99
2.45 0.10580 199.99
2.45 0.10540 200.00
2.58 0.10610 200.02
2.74 0.10580 200.02
2.80 0.10580 200.04
2.87 0.10610 200.04
2.96 0.10540 200.05
3.06 0.10610 200.05
3.10 0.10580 200.06
3.19 0.10580 200.06
3.20 0.10580 200.05
3.33 0.10610 200.08
3.44 0.10610 200.08
3.47 0.10580 200.10
3.53 0.10650 200.10
3.56 0.10540 200.09
3.64 0.10610 200.10
3.76 0.10580 200.10
3.81 0.10580 200.10
3.92 0.10580 200.10
3.96 0.10610 200.10
3.96 0.10610 200.11
4.01 0.10580 200.11
4.16 0.10650 200.10
4.18 0.10580 200.10
4.28 0.10580 200.08
4.28 0.10610 200.08
4.38 0.10610 200.06
4.39 0.10540 200.06
4.45 0.10580 200.08
4.51 0.10540 200.08
4.63 0.10580 200.10
4.66 0.10540 200.10
4.74 0.10580 200.11
4.79 0.10610 200.10
4.86 0.10580 200.10
4.85 0.10610 200.10
4.92 0.10580 200.10
4.98 0.10580 200.10
5.04 0.10500 200.10
5.08 0.10580 200.10
5.19 0.10610 200.10
5.17 0.10580 200.10
5.24 0.10580 200.13
5.30 0.10580 200.13
5.35 0.10580 200.18
5.47 0.10610 200.20
5.44 0.10580 200.20
5.58 0.10580 200.21
5.57 0.10580 200.21
5.69 0.10580 200.25
5.68 0.10610 200.25
5.72 0.10610 200.26
5.79 0.10610 200.26
5.88 0.10610 200.30
5.97 0.10610 200.33
6.01 0.10580 200.33
6.06 0.10610 200.33
6.04 0.10580 200.33
6.10 0.10580 200.36
6.23 0.10580 200.36
6.28 0.10580 200.41
6.35 0.10610 200.41
6.33 0.10610 200.44
6.36 0.10650 200.46
6.41 0.10610 200.46
6.47 0.10580 200.48
6.54 0.10610 200.48
6.65 0.10610 200.49
6.69 0.10580 200.49
6.75 0.10650 200.52
6.81 0.10610 200.55
6.84 0.10580 200.55
6.89 0.10610 200.59
6.89 0.10610 200.59
6.94 0.10610 200.61
7.08 0.10610 200.61
7.07 0.10650 200.63
7.11 0.10690 200.61
7.14 0.10610 200.61
7.21 0.10610 200.61
7.32 0.10610 200.61
7.37 0.10580 200.61
7.37 0.10650 200.63
7.41 0.10650 200.63
7.52 0.10650 200.64
7.52 0.10610 200.64
7.59 0.10690 200.65
7.60 0.10610 200.65
7.71 0.10610 200.65
7.78 0.10610 200.65
7.80 0.10610 200.65
7.83 0.10610 200.68
7.95 0.10650 200.68
7.93 0.10610 200.66
8.03 0.10650 200.66
8.09 0.10610 200.61
8.07 0.10650 200.61
8.20 0.10610 200.61
8.19 0.10610 200.59
8.30 0.10610 200.59
8.36 0.10690 200.60
8.33 0.10690 200.59
8.40 0.10650 200.59
8.48 0.10650 200.59
8.57 0.10650 200.59
8.53 0.10650 200.59
8.59 0.10650 200.59
8.71 0.10650 200.59
8.73 0.10650 200.59
8.80 0.10650 200.59
8.84 0.10650 200.60
8.86 0.10650 200.60
8.91 0.10650 200.61
8.95 0.10650 200.61
9.09 0.10650 200.61
9.05 0.10650 200.60
9.11 0.10650 200.60
9.16 0.10650 200.59
9.21 0.10650 200.59
9.25 0.10610 200.55
9.38 0.10650 200.55
9.41 0.10610 200.55
9.41 0.10610 200.55
9.48 0.10690 200.55
9.57 0.10610 200.56
9.57 0.10610 200.56
9.68 0.10610 200.54
9.74 0.10650 200.52
9.72 0.10610 200.52
9.85 0.10610 200.58
9.85 0.10610 200.58
9.94 0.10650 200.56
10.01 0.10610 200.56
9.97 0.10610 200.56
10.03 0.10690 200.54
10.14 0.10650 200.54
10.13 0.10650 200.52
10.18 0.10610 200.52
10.24 0.10610 200.52
10.31 0.10690 200.54
10.33 0.10650 200.54
10.43 0.10610 200.54
10.43 0.10610 200.54
10.57 0.10720 200.54
10.52 0.10650 200.54
10.67 0.10690 200.52
10.72 0.10690 200.51
10.71 0.10650 200.51
10.76 0.10650 200.50
10.80 0.10690 200.50
10.85 0.10650 200.51
10.93 0.10720 200.51
11.02 0.10720 200.52
10.99 0.10760 200.54
11.05 0.10690 200.54
11.11 0.10690 200.51
11.22 0.10720 200.51
11.29 0.10720 200.48
11.28 0.10690 200.48
11.33 0.10720 200.46
11.35 0.10760 200.49
11.41 0.10720 200.49
11.55 0.10760 200.51
11.54 0.10720 200.51
11.60 0.10720 200.51
11.61 0.10760 200.51
11.67 0.10760 200.50
11.72 0.10760 200.50
11.82 0.10760 200.49
11.85 0.10800 200.48
11.87 0.10760 200.48
11.96 0.10720 200.49
12.04 0.10760 200.49
12.07 0.10760 200.46
12.07 0.10760 200.46
12.13 0.10800 200.46
12.21 0.10760 200.45
12.22 0.10760 200.45
12.37 0.10800 200.44
12.34 0.10760 200.44
12.46 0.10800 200.41
12.44 0.10760 200.41
12.48 0.10720 200.41
12.61 0.10800 200.39
12.67 0.10760 200.39
12.62 0.10760 200.39
12.76 0.10760 200.39
12.75 0.10760 200.39
12.87 0.10760 200.39
12.85 0.10760 200.36
12.89 0.10800 200.33
13.01 0.10760 200.33
13.02 0.10720 200.34
13.05 0.10720 200.34
13.18 0.10760 200.34
13.18 0.10720 200.34
13.21 0.10720 200.35
13.30 0.10800 200.34
13.31 0.10720 200.34
13.39 0.10720 200.33
13.44 0.10720 200.33
13.53 0.10650 200.35
13.51 0.10760 200.38
13.60 0.10720 200.38
13.64 0.10650 200.36
13.67 0.10720 200.36
13.77 0.10690 200.36
13.84 0.10690 200.36
13.80 0.10650 200.36
13.87 0.10690 200.33
13.96 0.10650 200.33
14.00 0.10650 200.33
14.10 0.10690 200.33
14.08 0.10650 200.31
14.12 0.10650 200.31
14.20 0.10690 200.31
14.29 0.10650 200.30
14.26 0.10650 200.30
14.39 0.10690 200.31
14.38 0.10690 200.31
14.50 0.10650 200.30
14.56 0.10690 200.29
14.55 0.10650 200.29
14.61 0.10650 200.33
14.70 0.10720 200.33
14.69 0.10690 200.38
14.77 0.10720 200.40
14.82 0.10690 200.40
14.86 0.10720 200.40
14.96 0.10690 200.40
14.94 0.10650 200.36
14.98 0.10720 200.35
15.05 0.10720 200.35
15.15 0.10720 200.36
15.22 0.10720 200.36
15.27 0.10720 200.35
15.24 0.10760 200.35
15.37 0.10760 200.33
15.38 0.10760 200.34
15.44 0.10800 200.34
15.44 0.10760 200.33
15.51 0.10800 200.33
15.58 0.10840 200.34
15.68 0.10880 200.35
15.72 0.10800 200.35
15.72 0.10910 200.36
15.76 0.10910 200.36
15.87 0.10910 200.34
15.94 0.10910 200.34
15.95 0.10880 200.38
15.96 0.10950 200.40
16.07 0.10950 200.40
16.14 0.10950 200.39
16.19 0.10950 200.39
16.24 0.11030 200.41
16.28 0.11030 200.41
16.33 0.11030 200.43
16.31 0.11060 200.40
16.46 0.11060 200.40
16.48 0.11100 200.38
16.55 0.11060 200.38
16.54 0.11060 200.35
16.65 0.11060 200.35
16.63 0.11140 200.35
16.68 0.11100 200.36
16.71 0.11100 200.36
16.85 0.11100 200.40
16.90 0.11100 200.40
16.87 0.11060 200.39
16.99 0.11060 200.39
17.03 0.11100 200.39
17.12 0.11060 200.40
17.07 0.11060 200.40
17.18 0.11060 200.43
17.22 0.11030 200.43
17.25 0.11060 200.41
17.30 0.10990 200.41
17.37 0.11030 200.44
17.39 0.10990 200.44
17.50 0.11030 200.48
17.56 0.10950 200.46
17.60 0.10950 200.46
17.59 0.10910 200.50
17.73 0.10910 200.50
17.76 0.10880 200.49
17.76 0.10880 200.49
17.79 0.10880 200.50
17.87 0.10880 200.50
17.90 0.10800 200.55
18.03 0.10840 200.55
18.01 0.10760 200.55
18.06 0.10840 200.54
18.12 0.10760 200.54
18.21 0.10800 200.56
18.27 0.10760 200.56
18.27 0.10760 200.60
18.33 0.10720 200.60
18.34 0.10720 200.63
18.41 0.10720 200.65
18.51 0.10720 200.65
18.52 0.10690 200.66
18.63 0.10720 200.66
18.61 0.10720 200.65
18.67 0.10720 200.65
18.75 0.10650 200.65
18.85 0.10690 200.66
18.91 0.10690 200.66
18.94 0.10650 200.66
18.93 0.10690 200.66
18.99 0.10650 200.66
19.11 0.10690 200.69
19.08 0.10690 200.69
19.16 0.10720 200.68
19.23 0.10690 200.68
19.28 0.10650 200.65
19.30 0.10720 200.65
19.37 0.10690 200.65
19.46 0.10690 200.60
19.46 0.10720 200.60
19.55 0.10720 200.60
19.53 0.10760 200.60
19.67 0.10800 200.58
19.71 0.10760 200.56
19.77 0.10760 200.56
19.75 0.10760 200.54
19.85 0.10800 200.54
19.85 0.10800 200.52
19.97 0.10880 200.52
19.94 0.10880 200.52
20.01 0.10880 200.50
20.06 0.10910 200.50
20.18 0.10910 200.46
20.23 0.10990 200.45
20.21 0.10950 200.45
20.31 0.10990 200.43
20.31 0.11030 200.43
20.34 0.11030 200.40
20.47 0.11100 200.40
20.53 0.11060 200.41
20.50 0.11180 200.40
20.56 0.11180 200.40
20.60 0.11140 200.40
20.74 0.11180 200.40
20.73 0.11210 200.39
20.76 0.11290 200.39
20.88 0.11290 200.39
20.92 0.11330 200.36
21.00 0.11360 200.36
21.05 0.11400 200.35
21.09 0.11400 200.35
21.07 0.11480 200.34
21.19 0.11480 200.34
21.24 0.11480 200.39
21.24 0.11480 200.41
21.36 0.11510 200.41
21.38 0.11510 200.41
21.38 0.11550 200.41
21.49 0.11590 200.39
21.50 0.11590 200.40
21.54 0.11550 200.40
21.59 0.11550 200.41
21.68 0.11550 200.41
21.70 0.11550 200.38
21.82 0.11550 200.38
21.81 0.11510 200.38
21.91 0.11480 200.38
21.96 0.11480 200.39
21.95 0.11480 200.38
22.05 0.11400 200.38
22.10 0.11400 200.39
22.10 0.11360 200.39
22.14 0.11290 200.39
22.27 0.11250 200.39
22.26 0.11250 200.34
22.31 0.11210 200.34
22.41 0.11180 200.33
22.44 0.11140 200.33
22.51 0.11100 200.33
22.57 0.11100 200.31
22.56 0.11030 200.31
22.64 0.10990 200.30
22.70 0.11030 200.30
22.69 0.10910 200.30
22.79 0.10950 200.30
22.80 0.10880 200.30
22.92 0.10880 200.30
22.99 0.10840 200.30
23.00 0.10840 200.27
23.02 0.10800 200.27
23.11 0.10800 200.23
23.15 0.10760 200.23
23.22 0.10760 200.21
23.27 0.10690 200.21
23.33 0.10720 200.21
23.39 0.10720 200.21
23.37 0.10720 200.20
23.48 0.10760 200.19
23.48 0.10690 200.19
23.52 0.10650 200.20
23.59 0.10690 200.20
23.62 0.10690 200.20
23.75 0.10650 200.20
23.77 0.10650 200.18
23.82 0.10650 200.18
23.88 0.10720 200.16
23.87 0.10690 200.16
24.01 0.10690 200.13
24.03 0.10720 200.11
24.09 0.10720 200.11
24.10 0.10720 200.10
24.21 0.10720 200.10
24.19 0.10800 200.10
24.25 0.10760 200.10
24.30 0.10760 200.08
24.41 0.10840 200.09
24.44 0.10840 200.09
24.43 0.10840 200.05
24.48 0.10910 200.04
24.55 0.10880 200.04
24.67 0.10950 200.00
24.73 0.10950 200.00
24.69 0.10910 199.96
24.74 0.10950 199.96
24.86 0.11030 199.95
24.91 0.11060 199.91
24.96 0.11140 199.91
24.94 0.11100 199.86
25.08 0.11180 199.86
25.10 0.11250 199.81
25.19 0.11250 199.81
25.18 0.11250 199.79
25.27 0.11290 199.79
25.25 0.11360 199.77
25.32 0.11440 199.76
25.42 0.11440 199.76
25.48 0.11550 199.70
25.49 0.11550 199.70
25.54 0.11620 199.69
25.56 0.11620 199.69
25.60 0.11740 199.65
25.73 0.11770 199.63
25.78 0.11770 199.63
25.84 0.11810 199.61
25.84 0.11850 199.61
25.86 0.11960 199.61
25.94 0.11960 199.61
25.98 0.12000 199.56
26.05 0.12040 199.54
26.06 0.12110 199.54
26.19 0.12110 199.49
26.25 0.12150 199.49
26.23 0.12150 199.48
26.29 0.12190 199.48
26.33 0.12230 199.48
26.45 0.12230 199.48
26.44 0.12230 199.49
26.55 0.12230 199.49
26.58 0.12190 199.50
26.59 0.12150 199.50
26.72 0.12110 199.50
26.76 0.12110 199.54
26.81 0.12040 199.54
26.80 0.11920 199.58
26.84 0.11960 199.58
26.90 0.11890 199.61
26.96 0.11890 199.61
27.00 0.11770 199.61
27.12 0.11700 199.61
27.17 0.11620 199.61
27.18 0.11590 199.61
27.23 0.11510 199.60
27.24 0.11440 199.65
27.32 0.11400 199.65
27.40 0.11330 199.66
27.46 0.11290 199.66
27.47 0.11250 199.70
27.56 0.11210 199.70
27.63 0.11140 199.70
27.60 0.11100 199.70
27.72 0.11030 199.69
27.75 0.11030 199.69
27.83 0.10950 199.69
27.89 0.10910 199.70
27.90 0.10880 199.70
27.99 0.10880 199.73
28.02 0.10800 199.73
28.09 0.10840 199.73
28.05 0.10840 199.75
28.18 0.10760 199.75
28.23 0.10760 199.75
28.27 0.10720 199.75
28.27 0.10720 199.76
28.39 0.10720 199.76
28.44 0.10690 199.77
28.41 0.10690 199.77
28.48 0.10690 199.79
28.59 0.10720 199.79
28.64 0.10690 199.79
28.70 0.10760 199.77
28.68 0.10720 199.77
28.81 0.10690 199.76
28.83 0.10760 199.76
28.86 0.10650 199.77
28.87 0.10720 199.75
28.94 0.10720 199.75
28.96 0.10720 199.75
29.09 0.10760 199.75
29.10 0.10800 199.73
29.18 0.10840 199.74
29.19 0.10840 199.74
29.30 0.10880 199.73
29.33 0.10910 199.73
29.40 0.10950 199.76
29.45 0.10990 199.77
29.48 0.11100 199.77
29.53 0.11060 199.76
29.60 0.11100 199.76
29.66 0.11140 199.76
29.71 0.11180 199.74
29.74 0.11210 199.74
29.74 0.11250 199.75
29.85 0.11290 199.75
29.84 0.11400 199.75
29.97 0.11440 199.75
30.01 0.11510 199.74
30.01 0.11550 199.70
30.10 0.11620 199.70
30.18 0.11660 199.70
30.14 0.11740 199.70
30.28 0.11770 199.71
30.33 0.11850 199.71
30.38 0.11920 199.71
30.39 0.11960 199.71
30.46 0.12110 199.74
30.54 0.12150 199.77
30.49 0.12190 199.77
30.55 0.12260 199.77
30.67 0.12380 199.77
30.72 0.12410 199.81
30.74 0.12560 199.85
30.80 0.12520 199.85
30.80 0.12640 199.88
30.92 0.12710 199.88
30.97 0.12750 199.89
30.94 0.12820 199.93
30.99 0.12820 199.93
31.07 0.12900 199.94
31.10 0.12940 199.94
31.22 0.13010 199.93
31.19 0.13010 199.98
31.25 0.13010 199.98
31.31 0.12970 200.01
31.33 0.13010 200.01
31.39 0.12970 200.04
31.48 0.12970 200.04
31.53 0.12900 200.06
31.54 0.12940 200.09
31.62 0.12820 200.09
31.61 0.12790 200.11
31.66 0.12710 200.11
31.70 0.12600 200.15
31.78 0.12520 200.15
31.81 0.12450 200.16
31.91 0.12300 200.16
31.96 0.12230 200.15
31.96 0.12150 200.15
32.05 0.12040 200.15
32.05 0.12000 200.14
32.12 0.11920 200.14
32.17 0.11810 200.13
32.18 0.11700 200.13
32.29 0.11620 200.13
32.31 0.11510 200.13
32.35 0.11480 200.14
32.35 0.11360 200.11
32.42 0.11330 200.11
32.48 0.11250 200.13
32.49 0.11180 200.13
32.57 0.11100 200.13
32.62 0.11060 200.13
32.67 0.10990 200.10
32.67 0.10990 200.09
32.74 0.10950 200.09
32.83 0.10910 200.11
32.83 0.10880 200.11
32.86 0.10840 200.11
32.92 0.10840 200.11
32.97 0.10800 200.11
33.07 0.10800 200.11
33.05 0.10760 200.13
33.10 0.10720 200.13
33.15 0.10720 200.13
33.25 0.10760 200.11
33.27 0.10720 200.11
33.30 0.10760 200.11
33.32 0.10690 200.11
33.43 0.10690 200.13
33.46 0.10720 200.13
33.46 0.10720 200.10
33.50 0.10760 200.09
33.58 0.10760 200.09
33.60 0.10760 200.06
33.71 0.10840 200.06
33.70 0.10840 200.05
33.74 0.10880 200.05
33.81 0.10910 200.04
33.89 0.10950 200.04
33.88 0.10990 200.04
33.91 0.11060 200.02
33.97 0.11100 200.02
34.10 0.11180 200.04
34.08 0.11140 200.04
34.18 0.11210 200.02
34.17 0.11290 200.00
34.28 0.11330 200.00
34.24 0.11400 200.00
34.31 0.11440 200.00
34.34 0.11480 199.99
34.39 0.11550 199.98
34.45 0.11620 199.98
34.48 0.11700 199.95
34.58 0.11770 199.95
34.57 0.11850 199.94
