0.36 0.10610 200.61
0.42 0.10610 200.61
0.42 0.10610 200.60
0.38 0.10610 200.60
0.35 0.10580 200.59
0.37 0.10540 200.59
0.39 0.10650 200.58
0.47 0.10580 200.52
0.41 0.10580 200.52
0.46 0.10580 200.54
0.61 0.10540 200.54
0.66 0.10540 200.55
0.69 0.10580 200.55
0.74 0.10580 200.55
0.84 0.10580 200.52
0.97 0.10580 200.52
1.09 0.10580 200.55
1.23 0.10580 200.55
1.28 0.10580 200.56
1.36 0.10580 200.56
1.48 0.10540 200.59
1.66 0.10610 200.59
1.68 0.10580 200.56
1.82 0.10610 200.58
1.90 0.10650 200.58
2.11 0.10610 200.59
2.17 0.10610 200.59
2.26 0.10580 200.60
2.45 0.10580 200.60
2.46 0.10580 200.60
2.58 0.10610 200.56
2.66 0.10580 200.56
2.74 0.10580 200.52
2.85 0.10580 200.52
2.91 0.10580 200.51
3.08 0.10610 200.52
3.15 0.10610 200.52
3.16 0.10580 200.48
3.23 0.10580 200.48
3.38 0.10580 200.45
3.45 0.10580 200.45
3.50 0.10610 200.44
3.55 0.10650 200.44
3.68 0.10580 200.44
3.68 0.10610 200.40
3.73 0.10580 200.40
3.89 0.10580 200.39
3.91 0.10580 200.39
3.96 0.10610 200.38
4.10 0.10610 200.36
4.07 0.10610 200.36
4.19 0.10610 200.35
4.19 0.10580 200.35
4.35 0.10580 200.33
4.40 0.10610 200.33
4.46 0.10610 200.24
4.43 0.10610 200.25
4.59 0.10580 200.25
4.64 0.10610 200.23
4.69 0.10580 200.23
4.76 0.10580 200.20
4.81 0.10580 200.20
4.88 0.10580 200.19
4.87 0.10610 200.16
4.91 0.10580 200.16
5.07 0.10580 200.20
5.10 0.10540 200.20
5.13 0.10610 200.20
5.20 0.10610 200.20
5.28 0.10610 200.18
5.25 0.10580 200.18
5.32 0.10610 200.18
5.37 0.10580 200.18
5.50 0.10610 200.20
5.49 0.10610 200.20
5.53 0.10580 200.21
5.65 0.10540 200.21
5.69 0.10580 200.23
5.70 0.10580 200.23
5.77 0.10540 200.25
5.81 0.10580 200.25
5.94 0.10580 200.25
6.00 0.10610 200.25
5.98 0.10580 200.24
6.01 0.10580 200.24
6.14 0.10580 200.21
6.19 0.10580 200.21
6.19 0.10540 200.21
6.22 0.10610 200.21
6.35 0.10580 200.21
6.40 0.10610 200.23
6.41 0.10610 200.23
6.45 0.10610 200.24
6.57 0.10580 200.24
6.59 0.10610 200.21
6.59 0.10610 200.21
6.73 0.10580 200.21
6.80 0.10580 200.19
6.84 0.10580 200.19
6.89 0.10580 200.19
6.93 0.10540 200.19
6.99 0.10580 200.18
6.99 0.10610 200.18
7.03 0.10580 200.18
7.07 0.10610 200.18
7.20 0.10610 200.18
7.24 0.10610 200.18
7.22 0.10580 200.19
7.32 0.10610 200.19
7.36 0.10610 200.18
7.42 0.10580 200.19
7.45 0.10580 200.19
7.54 0.10540 200.20
7.63 0.10580 200.20
7.63 0.10610 200.19
7.66 0.10580 200.19
7.77 0.10610 200.19
7.84 0.10610 200.18
7.80 0.10610 200.18
7.92 0.10610 200.16
7.97 0.10610 200.16
7.98 0.10610 200.18
8.09 0.10580 200.18
8.12 0.10540 200.18
8.11 0.10610 200.16
8.23 0.10580 200.16
8.22 0.10580 200.16
8.33 0.10610 200.16
8.31 0.10580 200.19
8.39 0.10580 200.19
8.42 0.10610 200.20
8.56 0.10610 200.20
8.60 0.10610 200.20
8.65 0.10610 200.21
8.61 0.10580 200.21
8.67 0.10580 200.20
8.72 0.10610 200.20
8.79 0.10610 200.20
8.90 0.10650 200.20
8.93 0.10650 200.19
8.93 0.10580 200.19
8.98 0.10610 200.19
9.10 0.10610 200.19
9.14 0.10610 200.19
9.22 0.10610 200.19
9.27 0.10580 200.19
9.31 0.10580 200.20
9.37 0.10610 200.20
9.33 0.10580 200.20
9.41 0.10690 200.21
9.43 0.10580 200.21
9.54 0.10610 200.20
9.59 0.10610 200.20
9.66 0.10610 200.24
9.66 0.10610 200.24
9.74 0.10580 200.24
9.83 0.10650 200.21
9.85 0.10610 200.21
9.86 0.10610 200.23
9.92 0.10580 200.23
10.00 0.10580 200.24
10.10 0.10610 200.24
10.06 0.10610 200.24
10.15 0.10650 200.24
10.22 0.10580 200.24
10.30 0.10580 200.24
10.29 0.10580 200.24
10.32 0.10610 200.24
10.43 0.10650 200.25
10.41 0.10580 200.25
10.48 0.10580 200.25
10.51 0.10610 200.25
10.65 0.10580 200.26
10.62 0.10610 200.26
10.73 0.10580 200.26
10.79 0.10610 200.26
10.84 0.10610 200.26
10.88 0.10580 200.27
10.90 0.10580 200.27
10.94 0.10540 200.29
10.98 0.10580 200.29
11.10 0.10580 200.29
11.14 0.10650 200.29
11.21 0.10610 200.29
11.24 0.10580 200.29
11.25 0.10610 200.29
11.36 0.10610 200.29
11.34 0.10610 200.29
11.47 0.10610 200.31
11.51 0.10610 200.31
11.49 0.10610 200.35
11.54 0.10610 200.35
11.63 0.10650 200.38
11.73 0.10610 200.39
11.69 0.10610 200.39
11.76 0.10610 200.41
11.85 0.10580 200.41
11.91 0.10580 200.43
11.89 0.10610 200.43
11.97 0.10610 200.43
12.06 0.10650 200.43
12.12 0.10610 200.43
12.13 0.10610 200.43
12.19 0.10690 200.43
12.29 0.10650 200.43
12.26 0.10690 200.46
12.34 0.10650 200.46
12.42 0.10650 200.49
12.48 0.10690 200.49
12.48 0.10610 200.52
12.54 0.10690 200.52
12.65 0.10650 200.58
12.62 0.10650 200.59
12.66 0.10650 200.59
12.71 0.10690 200.61
12.77 0.10650 200.61
12.89 0.10690 200.65
12.93 0.10690 200.66
12.99 0.10580 200.66
12.97 0.10610 200.69
13.10 0.10650 200.69
13.14 0.10690 200.71
13.12 0.10650 200.71
13.24 0.10650 200.71
13.22 0.10610 200.74
13.35 0.10580 200.74
13.33 0.10690 200.77
13.42 0.10690 200.77
13.42 0.10610 200.77
13.52 0.10650 200.79
13.55 0.10610 200.79
13.63 0.10650 200.80
13.65 0.10580 200.80
13.75 0.10650 200.84
13.83 0.10650 200.86
13.85 0.10610 200.86
13.84 0.10610 200.89
13.94 0.10610 200.89
13.94 0.10650 200.91
14.01 0.10580 200.91
14.05 0.10610 200.88
14.13 0.10610 200.89
14.16 0.10610 200.89
14.25 0.10650 200.86
14.31 0.10650 200.86
14.30 0.10580 200.81
14.41 0.10610 200.83
14.46 0.10650 200.83
14.50 0.10650 200.81
14.50 0.10580 200.81
14.57 0.10610 200.79
14.68 0.10610 200.79
14.74 0.10610 200.79
14.76 0.10610 200.76
14.78 0.10650 200.76
14.81 0.10610 200.76
14.92 0.10580 200.74
14.98 0.10580 200.74
14.98 0.10580 200.71
15.07 0.10610 200.71
15.10 0.10610 200.70
15.14 0.10610 200.70
15.16 0.10580 200.70
15.27 0.10610 200.66
15.26 0.10580 200.66
15.38 0.10610 200.65
15.46 0.10650 200.63
15.47 0.10650 200.63
15.49 0.10610 200.61
15.53 0.10610 200.61
15.58 0.10610 200.59
15.66 0.10610 200.56
15.74 0.10580 200.56
15.80 0.10610 200.56
15.82 0.10650 200.56
15.85 0.10610 200.54
15.92 0.10650 200.54
16.00 0.10650 200.51
16.01 0.10610 200.51
16.07 0.10650 200.51
16.14 0.10650 200.48
16.15 0.10650 200.48
16.24 0.10650 200.46
16.32 0.10690 200.44
16.38 0.10690 200.44
16.40 0.10720 200.41
16.41 0.10690 200.41
16.51 0.10690 200.38
16.50 0.10690 200.38
16.63 0.10760 200.34
16.65 0.10720 200.33
16.73 0.10760 200.33
16.69 0.10760 200.29
16.77 0.10800 200.29
16.80 0.10720 200.25
16.89 0.10760 200.25
16.94 0.10760 200.21
17.03 0.10760 200.21
17.09 0.10800 200.19
17.07 0.10720 200.15
17.14 0.10800 200.15
17.22 0.10760 200.13
17.21 0.10800 200.13
17.26 0.10760 200.09
17.38 0.10760 200.06
17.38 0.10760 200.06
17.48 0.10720 200.01
17.55 0.10720 200.01
17.58 0.10760 199.99
17.58 0.10760 199.98
17.61 0.10760 199.98
17.68 0.10720 199.95
17.77 0.10690 199.95
17.81 0.10760 199.94
17.89 0.10720 199.94
17.90 0.10690 199.94
17.93 0.10720 199.91
17.97 0.10690 199.91
18.10 0.10720 199.89
18.12 0.10690 199.89
18.13 0.10650 199.85
18.19 0.10650 199.85
18.24 0.10650 199.85
18.35 0.10690 199.83
18.37 0.10690 199.83
18.46 0.10650 199.83
18.43 0.10650 199.83
18.56 0.10610 199.84
18.53 0.10610 199.84
18.66 0.10650 199.83
18.70 0.10650 199.83
18.73 0.10650 199.84
18.75 0.10650 199.85
18.84 0.10610 199.85
18.84 0.10580 199.85
18.96 0.10610 199.83
18.97 0.10580 199.83
19.01 0.10610 199.83
19.04 0.10580 199.83
19.10 0.10580 199.84
19.15 0.10610 199.84
19.29 0.10580 199.86
19.28 0.10610 199.89
19.30 0.10580 199.89
19.42 0.10580 199.86
19.46 0.10610 199.86
19.53 0.10580 199.86
19.50 0.10580 199.84
19.64 0.10580 199.84
19.60 0.10580 199.81
19.68 0.10580 199.81
19.77 0.10580 199.79
19.77 0.10580 199.76
19.85 0.10580 199.76
19.94 0.10580 199.76
19.98 0.10610 199.76
20.03 0.10610 199.74
20.02 0.10580 199.74
20.13 0.10650 199.75
20.19 0.10580 199.73
20.15 0.10580 199.73
20.22 0.10580 199.69
20.34 0.10650 199.69
20.31 0.10610 199.69
20.43 0.10650 199.64
20.49 0.10650 199.64
20.49 0.10650 199.63
20.56 0.10650 199.63
20.59 0.10650 199.61
20.65 0.10720 199.61
20.73 0.10690 199.61
20.81 0.10690 199.60
20.78 0.10720 199.60
20.84 0.10760 199.59
20.95 0.10800 199.59
20.94 0.10720 199.58
20.97 0.10760 199.58
21.08 0.10800 199.55
21.17 0.10800 199.55
21.16 0.10800 199.58
21.19 0.10840 199.58
21.24 0.10840 199.59
21.30 0.10840 199.59
21.34 0.10910 199.60
21.47 0.10910 199.59
21.53 0.10880 199.59
21.56 0.10910 199.60
21.56 0.10950 199.60
21.59 0.10950 199.63
21.67 0.10910 199.63
21.77 0.10950 199.65
21.82 0.10950 199.65
21.80 0.10950 199.68
21.85 0.10910 199.68
21.98 0.10950 199.69
21.96 0.10990 199.69
22.01 0.10990 199.70
22.06 0.10950 199.70
22.11 0.10910 199.73
22.15 0.10950 199.74
22.21 0.10910 199.74
22.31 0.10950 199.75
22.33 0.10880 199.75
22.44 0.10880 199.75
22.41 0.10880 199.75
22.55 0.10880 199.76
22.58 0.10840 199.76
22.57 0.10840 199.77
22.61 0.10840 199.77
22.67 0.10840 199.79
22.80 0.10760 199.79
22.77 0.10800 199.79
22.84 0.10760 199.79
22.93 0.10720 199.83
22.99 0.10690 199.83
23.03 0.10720 199.80
23.09 0.10720 199.79
23.09 0.10690 199.79
23.15 0.10720 199.77
23.19 0.10650 199.77
23.23 0.10650 199.80
23.28 0.10690 199.80
23.40 0.10650 199.83
23.46 0.10650 199.81
23.43 0.10610 199.81
23.49 0.10610 199.81
23.55 0.10650 199.81
23.61 0.10610 199.80
23.66 0.10610 199.80
23.76 0.10610 199.79
23.82 0.10610 199.79
23.81 0.10610 199.77
23.90 0.10580 199.77
23.95 0.10580 199.76
23.99 0.10650 199.76
24.01 0.10580 199.74
24.11 0.10580 199.74
24.17 0.10580 199.70
24.17 0.10650 199.73
24.27 0.10580 199.73
24.24 0.10580 199.73
24.30 0.10580 199.73
24.44 0.10580 199.71
24.48 0.10580 199.71
24.47 0.10580 199.73
24.56 0.10650 199.73
24.62 0.10610 199.73
24.62 0.10540 199.71
24.67 0.10580 199.71
24.72 0.10610 199.69
24.84 0.10610 199.69
24.85 0.10580 199.71
24.88 0.10580 199.71
24.94 0.10650 199.70
24.96 0.10580 199.70
25.01 0.10610 199.73
25.13 0.10610 199.73
25.12 0.10580 199.69
25.18 0.10650 199.69
25.22 0.10650 199.68
25.35 0.10720 199.69
25.32 0.10690 199.69
25.41 0.10650 199.69
25.43 0.10720 199.69
25.51 0.10760 199.70
25.56 0.10720 199.71
25.65 0.10800 199.71
25.65 0.10800 199.73
25.76 0.10800 199.73
25.73 0.10800 199.73
25.85 0.10840 199.73
25.90 0.10880 199.74
25.90 0.10880 199.74
25.94 0.10950 199.77
26.06 0.10950 199.77
26.11 0.10950 199.77
26.15 0.10990 199.77
26.17 0.11030 199.76
26.26 0.11030 199.76
26.29 0.11060 199.77
26.29 0.11140 199.77
26.37 0.11140 199.74
26.46 0.11210 199.75
26.53 0.11180 199.75
26.51 0.11210 199.79
26.61 0.11180 199.79
26.63 0.11250 199.80
26.65 0.11210 199.80
26.77 0.11250 199.81
26.79 0.11210 199.85
26.81 0.11250 199.85
26.90 0.11180 199.85
26.91 0.11210 199.85
27.02 0.11210 199.88
27.08 0.11140 199.88
27.11 0.11100 199.90
27.10 0.11180 199.91
27.20 0.11100 199.91
27.27 0.11100 199.91
27.33 0.11060 199.91
27.34 0.11060 199.88
27.44 0.11030 199.88
27.42 0.11030 199.88
27.47 0.10950 199.85
27.57 0.10910 199.85
27.63 0.10910 199.85
27.67 0.10840 199.85
27.74 0.10880 199.86
27.80 0.10840 199.86
27.76 0.10800 199.86
27.83 0.10760 199.85
27.90 0.10760 199.85
27.99 0.10760 199.88
28.02 0.10720 199.88
28.09 0.10720 199.85
28.09 0.10690 199.85
28.19 0.10690 199.89
28.24 0.10690 199.88
28.30 0.10690 199.88
28.32 0.10650 199.86
28.39 0.10720 199.86
28.39 0.10610 199.86
28.47 0.10650 199.86
28.48 0.10650 199.88
28.61 0.10610 199.88
28.58 0.10650 199.88
28.65 0.10580 199.88
28.75 0.10580 199.88
28.79 0.10610 199.88
28.87 0.10610 199.86
28.85 0.10580 199.86
28.97 0.10610 199.86
29.01 0.10540 199.86
29.06 0.10540 199.86
29.11 0.10580 199.86
29.10 0.10610 199.89
29.14 0.10580 199.90
29.20 0.10580 199.90
29.26 0.10580 199.91
29.32 0.10540 199.91
29.35 0.10580 199.93
29.40 0.10580 199.94
29.47 0.10540 199.94
29.57 0.10580 199.95
29.55 0.10580 199.95
29.68 0.10580 199.96
29.69 0.10580 199.96
29.73 0.10610 199.96
29.82 0.10610 200.01
29.81 0.10610 200.01
29.85 0.10650 200.02
29.97 0.10610 200.02
29.97 0.10610 200.02
30.01 0.10650 200.02
30.11 0.10690 200.00
30.17 0.10690 199.98
30.18 0.10690 199.98
30.23 0.10690 199.96
30.27 0.10720 199.96
30.38 0.10760 199.94
30.37 0.10760 199.94
30.47 0.10840 199.94
30.55 0.10840 199.94
30.61 0.10910 199.91
30.62 0.10910 199.91
30.62 0.10910 199.91
30.74 0.11030 199.90
30.77 0.11030 199.90
30.78 0.10990 199.91
30.83 0.11060 199.91
30.95 0.11100 199.93
30.98 0.11140 199.91
31.02 0.11180 199.91
31.02 0.11290 199.93
31.09 0.11210 199.93
31.13 0.11330 199.91
31.26 0.11360 199.89
31.31 0.11400 199.89
31.29 0.11400 199.86
31.35 0.11480 199.86
31.39 0.11440 199.84
31.50 0.11510 199.84
31.48 0.11550 199.84
31.62 0.11510 199.84
31.65 0.11550 199.81
31.64 0.11550 199.79
31.73 0.11510 199.79
31.80 0.11550 199.80
31.81 0.11510 199.80
31.86 0.11510 199.83
31.91 0.11510 199.83
31.98 0.11440 199.85
32.05 0.11440 199.84
32.13 0.11400 199.84
32.17 0.11400 199.85
32.19 0.11330 199.85
32.22 0.11330 199.83
32.26 0.11250 199.83
32.34 0.11210 199.84
32.36 0.11180 199.84
32.40 0.11140 199.81
32.52 0.11100 199.81
32.51 0.11060 199.80
32.55 0.10990 199.80
32.63 0.10990 199.80
32.64 0.10950 199.80
32.69 0.10910 199.80
32.79 0.10910 199.83
32.80 0.10800 199.83
32.90 0.10880 199.83
32.94 0.10840 199.84
32.99 0.10800 199.84
32.97 0.10720 199.85
33.02 0.10720 199.85
33.05 0.10720 199.86
33.11 0.10690 199.86
33.15 0.10650 199.90
33.19 0.10690 199.90
33.26 0.10650 199.91
33.35 0.10650 199.91
33.40 0.10650 199.91
33.38 0.10610 199.93
33.47 0.10650 199.93
33.53 0.10610 199.95
33.58 0.10610 199.95
33.58 0.10540 199.98
33.65 0.10610 200.01
33.73 0.10580 200.01
33.76 0.10610 200.06
33.78 0.10610 200.06
33.85 0.10540 200.11
33.85 0.10610 200.18
33.91 0.10580 200.18
33.97 0.10610 200.23
34.05 0.10540 200.23
34.09 0.10580 200.29
34.14 0.10580 200.29
34.17 0.10540 200.36
34.16 0.10610 200.39
34.24 0.10580 200.39
34.32 0.10540 200.43
34.33 0.10580 200.43
34.39 0.10610 200.45
34.41 0.10610 200.49
34.46 0.10580 200.49
34.55 0.10580 200.50
34.58 0.10650 200.50
34.65 0.10650 200.54
34.62 0.10610 200.54
