-0.03 0.10580 199.95
0.02 0.10580 199.95
0.01 0.10610 199.93
-0.06 0.10540 199.93
-0.06 0.10500 199.93
0.02 0.10610 199.93
0.04 0.10610 199.94
-0.01 0.10580 199.89
0.09 0.10580 199.89
0.11 0.10580 199.88
0.18 0.10580 199.88
0.24 0.10610 199.85
0.29 0.10610 199.85
0.39 0.10580 199.81
0.51 0.10610 199.80
0.57 0.10580 199.80
0.65 0.10540 199.79
0.82 0.10580 199.79
0.91 0.10580 199.76
1.03 0.10610 199.76
1.12 0.10610 199.77
1.19 0.10580 199.77
1.36 0.10580 199.77
1.41 0.10580 199.77
1.56 0.10580 199.80
1.66 0.10580 199.80
1.78 0.10580 199.80
1.93 0.10540 199.75
2.04 0.10580 199.75
2.05 0.10610 199.75
2.21 0.10580 199.75
2.23 0.10580 199.75
2.38 0.10580 199.75
2.45 0.10580 199.77
2.54 0.10610 199.77
2.64 0.10580 199.77
2.67 0.10580 199.75
2.77 0.10580 199.75
2.91 0.10540 199.75
2.99 0.10580 199.75
3.04 0.10580 199.79
3.13 0.10580 199.79
3.14 0.10580 199.79
3.28 0.10580 199.79
3.27 0.10540 199.84
3.35 0.10610 199.85
3.43 0.10580 199.85
3.55 0.10580 199.89
3.59 0.10580 199.89
3.63 0.10580 199.94
3.75 0.10580 199.94
3.76 0.10580 199.95
3.80 0.10610 199.96
3.87 0.10580 199.96
3.92 0.10580 199.99
3.99 0.10580 199.99
4.03 0.10580 199.99
4.11 0.10610 199.99
4.19 0.10580 199.99
4.28 0.10580 199.99
4.37 0.10580 199.99
4.42 0.10580 199.99
4.40 0.10580 199.99
4.47 0.10580 200.02
4.59 0.10580 200.02
4.61 0.10610 200.00
4.69 0.10580 200.00
4.70 0.10610 200.01
4.79 0.10650 200.02
4.82 0.10610 200.02
4.85 0.10580 200.04
4.91 0.10610 200.04
5.04 0.10610 200.06
5.02 0.10650 200.06
5.09 0.10580 200.05
5.21 0.10580 200.02
5.28 0.10580 200.02
5.24 0.10610 199.99
5.37 0.10580 199.99
5.34 0.10610 199.99
5.43 0.10610 199.98
5.47 0.10610 199.98
5.58 0.10650 199.93
5.62 0.10580 199.93
5.64 0.10540 199.91
5.76 0.10610 199.91
5.80 0.10610 199.91
5.78 0.10650 199.90
5.83 0.10610 199.90
5.91 0.10580 199.91
5.99 0.10610 199.91
6.06 0.10610 199.91
6.08 0.10610 199.86
6.17 0.10610 199.86
6.16 0.10580 199.89
6.26 0.10610 199.88
6.30 0.10650 199.88
6.37 0.10610 199.85
6.44 0.10650 199.85
6.50 0.10690 199.90
6.47 0.10650 199.90
6.55 0.10690 199.90
6.65 0.10650 199.90
6.62 0.10650 199.90
6.73 0.10650 199.90
6.72 0.10610 199.90
6.79 0.10650 199.91
6.89 0.10690 199.95
6.97 0.10690 199.95
7.01 0.10650 199.98
7.06 0.10650 199.98
7.10 0.10650 200.04
7.17 0.10690 200.04
7.23 0.10650 200.04
7.20 0.10720 200.06
7.34 0.10690 200.06
7.30 0.10720 200.10
7.43 0.10650 200.10
7.47 0.10650 200.13
7.52 0.10690 200.13
7.51 0.10690 200.15
7.59 0.10720 200.19
7.63 0.10690 200.19
7.72 0.10610 200.14
7.78 0.10690 200.14
7.81 0.10690 200.14
7.81 0.10720 200.20
7.86 0.10650 200.20
7.92 0.10690 200.21
8.02 0.10690 200.21
8.02 0.10690 200.24
8.15 0.10690 200.24
8.12 0.10690 200.26
8.19 0.10720 200.26
8.24 0.10690 200.26
8.33 0.10690 200.24
8.39 0.10690 200.24
8.45 0.10720 200.20
8.44 0.10690 200.20
8.50 0.10690 200.20
8.56 0.10690 200.20
8.65 0.10690 200.20
8.64 0.10690 200.20
8.73 0.10720 200.18
8.82 0.10760 200.13
8.87 0.10690 200.13
8.84 0.10720 200.11
8.91 0.10720 200.11
8.93 0.10690 200.08
9.01 0.10690 200.08
9.03 0.10720 200.04
9.14 0.10720 200.04
9.14 0.10690 200.04
9.25 0.10690 200.02
9.26 0.10690 200.02
9.31 0.10720 200.01
9.36 0.10760 200.01
9.39 0.10720 199.99
9.46 0.10760 200.00
9.51 0.10760 200.00
9.56 0.10720 199.99
9.68 0.10720 199.99
9.73 0.10720 199.96
9.77 0.10760 199.96
9.76 0.10720 199.91
9.81 0.10720 199.88
9.89 0.10650 199.88
9.92 0.10690 199.86
10.01 0.10690 199.86
10.09 0.10760 199.83
10.15 0.10800 199.83
10.19 0.10760 199.84
10.19 0.10840 199.85
10.27 0.10800 199.85
10.35 0.10760 199.84
10.38 0.10800 199.84
10.46 0.10800 199.77
10.45 0.10800 199.77
10.55 0.10840 199.74
10.54 0.10800 199.74
10.58 0.10910 199.74
10.69 0.10840 199.70
10.73 0.10880 199.70
10.74 0.10840 199.69
10.79 0.10880 199.69
10.84 0.10880 199.65
10.96 0.10880 199.65
10.94 0.10880 199.61
11.06 0.10880 199.61
11.04 0.10910 199.59
11.17 0.10910 199.59
11.14 0.10910 199.58
11.27 0.10910 199.58
11.32 0.10950 199.52
11.36 0.10950 199.52
11.37 0.10910 199.52
11.46 0.10950 199.52
11.54 0.10950 199.50
11.51 0.10910 199.50
11.60 0.10950 199.48
11.64 0.10950 199.46
11.66 0.10950 199.46
11.79 0.10950 199.41
11.81 0.11030 199.41
11.88 0.10950 199.39
11.93 0.10950 199.39
11.99 0.10950 199.39
11.97 0.10990 199.39
12.05 0.10910 199.34
12.16 0.10950 199.34
12.12 0.10950 199.34
12.25 0.10950 199.34
12.29 0.10950 199.31
12.34 0.10950 199.33
12.37 0.10910 199.33
12.44 0.10910 199.33
12.42 0.10910 199.33
12.53 0.10910 199.34
12.54 0.10910 199.34
12.65 0.10910 199.34
12.64 0.10910 199.34
12.74 0.10910 199.35
12.79 0.10950 199.39
12.86 0.10880 199.39
12.84 0.10910 199.39
12.97 0.10880 199.39
12.94 0.10880 199.36
13.06 0.10840 199.36
13.03 0.10880 199.31
13.16 0.10840 199.31
13.15 0.10880 199.34
13.19 0.10880 199.34
13.31 0.10880 199.33
13.37 0.10840 199.33
13.37 0.10840 199.34
13.44 0.10840 199.34
13.51 0.10880 199.35
13.51 0.10840 199.35
13.63 0.10880 199.39
13.66 0.10880 199.45
13.72 0.10880 199.45
13.79 0.10880 199.48
13.79 0.10880 199.48
13.82 0.10880 199.50
13.88 0.10880 199.50
13.95 0.10880 199.55
13.98 0.10840 199.55
14.08 0.10910 199.54
14.07 0.10910 199.54
14.18 0.10910 199.56
14.19 0.10950 199.61
14.23 0.10950 199.61
14.27 0.10950 199.65
14.39 0.10950 199.65
14.38 0.10990 199.68
14.41 0.10990 199.68
14.48 0.10990 199.70
14.55 0.11030 199.70
14.64 0.11030 199.71
14.66 0.11030 199.71
14.75 0.11030 199.73
14.81 0.11060 199.75
14.79 0.11060 199.75
14.83 0.11060 199.79
14.87 0.11060 199.79
14.94 0.11100 199.85
15.00 0.11140 199.88
15.10 0.11140 199.88
15.11 0.11140 199.93
15.21 0.11180 199.93
15.23 0.11180 199.96
15.23 0.11180 199.96
15.29 0.11180 200.00
15.43 0.11250 200.00
15.47 0.11250 200.00
15.53 0.11290 200.02
15.54 0.11290 200.02
15.61 0.11330 200.04
15.59 0.11330 200.04
15.66 0.11360 200.04
15.70 0.11360 200.04
15.82 0.11400 200.04
15.88 0.11440 200.02
15.91 0.11440 200.02
15.99 0.11440 200.02
15.94 0.11480 200.02
16.06 0.11480 200.02
16.09 0.11510 200.00
16.14 0.11510 200.00
16.18 0.11440 199.99
16.25 0.11550 199.99
16.30 0.11510 199.98
16.31 0.11480 199.98
16.38 0.11510 199.98
16.41 0.11550 199.98
16.53 0.11510 199.96
16.57 0.11550 199.94
16.58 0.11510 199.94
16.63 0.11480 199.93
16.68 0.11480 199.93
16.72 0.11400 199.93
16.83 0.11400 199.93
16.88 0.11440 199.91
16.86 0.11400 199.91
16.93 0.11360 199.86
17.01 0.11330 199.86
17.03 0.11330 199.83
17.10 0.11290 199.83
17.18 0.11290 199.81
17.24 0.11290 199.81
17.22 0.11180 199.80
17.29 0.11180 199.80
17.37 0.11210 199.77
17.45 0.11140 199.77
17.45 0.11180 199.77
17.55 0.11140 199.77
17.55 0.11100 199.79
17.58 0.11100 199.79
17.64 0.11100 199.80
17.76 0.11100 199.80
17.74 0.11060 199.85
17.86 0.11030 199.85
17.91 0.11030 199.86
17.97 0.11100 199.86
17.94 0.10990 199.86
18.00 0.11030 199.90
18.06 0.11030 199.90
18.17 0.10990 199.90
18.14 0.11060 199.90
18.25 0.10990 199.91
18.34 0.11060 199.91
18.35 0.10990 199.93
18.37 0.11100 199.95
18.42 0.11030 199.95
18.46 0.11060 199.98
18.49 0.11030 199.98
18.56 0.11100 199.94
18.69 0.11100 199.94
18.74 0.11100 199.90
18.79 0.11140 199.90
18.77 0.11140 199.90
18.90 0.11210 199.94
18.86 0.11180 199.94
18.93 0.11210 199.94
18.99 0.11250 199.94
19.07 0.11250 199.89
19.13 0.11290 199.90
19.21 0.11290 199.90
19.22 0.11250 199.89
19.23 0.11360 199.89
19.29 0.11330 199.86
19.35 0.11400 199.81
19.37 0.11440 199.81
19.50 0.11400 199.74
19.55 0.11480 199.74
19.54 0.11480 199.69
19.57 0.11440 199.69
19.68 0.11550 199.68
19.76 0.11620 199.65
19.80 0.11590 199.65
19.84 0.11620 199.61
19.87 0.11660 199.61
19.94 0.11700 199.61
19.96 0.11700 199.61
20.06 0.11740 199.60
20.11 0.11810 199.59
20.17 0.11810 199.59
20.13 0.11850 199.59
20.28 0.11920 199.59
20.26 0.11920 199.59
20.29 0.11920 199.59
20.43 0.12040 199.63
20.48 0.12040 199.63
20.48 0.12080 199.66
20.56 0.12080 199.66
20.56 0.12150 199.68
20.63 0.12190 199.66
20.67 0.12150 199.66
20.79 0.12230 199.69
20.76 0.12260 199.69
20.82 0.12300 199.74
20.86 0.12300 199.74
20.98 0.12300 199.76
21.03 0.12380 199.76
21.09 0.12380 199.81
21.15 0.12410 199.81
21.18 0.12380 199.86
21.17 0.12380 199.86
21.27 0.12340 199.90
21.34 0.12340 199.90
21.31 0.12300 199.98
21.38 0.12340 200.04
21.42 0.12260 200.04
21.53 0.12260 200.05
21.59 0.12190 200.05
21.64 0.12150 200.06
21.67 0.12150 200.08
21.67 0.12040 200.08
21.79 0.12000 200.08
21.77 0.11920 200.08
21.87 0.11810 200.11
21.90 0.11850 200.13
22.01 0.11770 200.13
22.01 0.11740 200.14
22.11 0.11620 200.14
22.14 0.11590 200.16
22.19 0.11510 200.16
22.23 0.11510 200.19
22.30 0.11440 200.19
22.36 0.11440 200.19
22.36 0.11360 200.16
22.41 0.11360 200.16
22.49 0.11330 200.16
22.56 0.11330 200.15
22.60 0.11290 200.15
22.66 0.11250 200.15
22.65 0.11290 200.15
22.79 0.11210 200.11
22.79 0.11250 200.09
22.81 0.11180 200.09
22.90 0.11140 200.06
22.91 0.11140 200.06
22.94 0.11210 200.04
23.08 0.11250 200.04
23.05 0.11250 200.04
23.11 0.11290 200.00
23.18 0.11250 200.00
23.24 0.11290 200.00
23.34 0.11330 200.00
23.37 0.11330 200.01
23.38 0.11360 200.01
23.40 0.11290 200.01
23.51 0.11360 200.02
23.53 0.11440 200.02
23.63 0.11400 200.01
23.70 0.11510 200.01
23.73 0.11510 200.01
23.73 0.11550 199.99
23.84 0.11590 199.99
23.83 0.11620 199.98
23.94 0.11700 199.98
23.99 0.11700 199.98
24.05 0.11700 199.98
24.10 0.11810 199.99
24.08 0.11810 200.02
24.15 0.11810 200.02
24.20 0.11890 200.04
24.28 0.11960 200.04
24.28 0.11890 200.04
24.35 0.12040 200.04
24.44 0.12080 200.05
24.49 0.12110 200.06
24.48 0.12150 200.06
24.57 0.12190 200.08
24.66 0.12300 200.08
24.71 0.12300 200.04
24.76 0.12340 200.04
24.75 0.12450 200.06
24.80 0.12490 200.06
24.84 0.12490 200.04
24.97 0.12600 200.05
24.97 0.12640 200.05
25.00 0.12680 200.04
25.10 0.12750 200.04
25.14 0.12750 200.02
25.23 0.12820 200.02
25.26 0.12940 200.04
25.27 0.12940 200.04
25.30 0.13010 200.02
25.44 0.13050 200.02
25.39 0.13120 200.01
25.45 0.13160 200.00
25.52 0.13200 200.00
25.55 0.13240 199.99
25.61 0.13310 199.99
25.73 0.13390 199.96
25.73 0.13350 199.96
25.79 0.13420 199.93
25.81 0.13500 199.93
25.93 0.13500 199.91
25.98 0.13540 199.89
26.00 0.13540 199.89
26.08 0.13540 199.84
26.16 0.13500 199.84
26.12 0.13460 199.86
26.25 0.13460 199.86
26.28 0.13420 199.86
26.27 0.13390 199.89
26.33 0.13270 199.89
26.45 0.13310 199.88
26.45 0.13200 199.88
26.50 0.13090 199.94
26.61 0.12970 199.94
26.57 0.12900 199.94
26.64 0.12820 199.96
26.67 0.12710 199.96
26.78 0.12600 199.99
26.82 0.12520 200.01
26.90 0.12380 200.01
26.91 0.12340 200.02
26.99 0.12190 200.02
26.99 0.12110 200.02
27.09 0.12080 200.02
27.12 0.11960 200.04
27.13 0.11850 200.02
27.18 0.11770 200.02
27.32 0.11740 200.02
27.28 0.11660 200.02
27.39 0.11620 200.04
27.40 0.11550 200.04
27.51 0.11550 200.05
27.57 0.11550 200.08
27.56 0.11480 200.08
27.61 0.11480 200.09
27.65 0.11480 200.09
27.73 0.11480 200.13
27.79 0.11550 200.13
27.85 0.11480 200.19
27.91 0.11510 200.20
27.96 0.11480 200.20
28.02 0.11510 200.20
28.03 0.11550 200.20
28.14 0.11620 200.20
28.18 0.11620 200.20
28.15 0.11620 200.18
28.24 0.11620 200.18
28.26 0.11700 200.18
28.31 0.11740 200.18
28.42 0.11810 200.21
28.51 0.11850 200.21
28.47 0.11960 200.21
28.53 0.11890 200.21
28.62 0.12000 200.21
28.70 0.12080 200.21
28.71 0.12110 200.20
28.80 0.12150 200.20
28.83 0.12190 200.24
28.89 0.12260 200.24
28.89 0.12340 200.24
28.99 0.12380 200.24
29.05 0.12450 200.29
29.03 0.12560 200.31
29.15 0.12600 200.31
29.19 0.12640 200.33
29.18 0.12680 200.33
29.32 0.12790 200.35
29.31 0.12900 200.35
29.41 0.12900 200.38
29.39 0.13010 200.36
29.47 0.13050 200.36
29.47 0.13120 200.36
29.56 0.13240 200.36
29.57 0.13270 200.36
29.64 0.13350 200.36
29.69 0.13350 200.38
29.77 0.13540 200.39
29.81 0.13540 200.39
29.83 0.13690 200.39
29.94 0.13730 200.39
29.93 0.13760 200.43
30.03 0.13880 200.43
30.10 0.13950 200.44
30.10 0.14100 200.39
30.18 0.14100 200.39
30.21 0.14210 200.39
30.22 0.14290 200.39
30.31 0.14360 200.38
30.32 0.14470 200.38
30.34 0.14470 200.34
30.43 0.14550 200.34
30.44 0.14620 200.34
30.47 0.14770 200.33
30.57 0.14770 200.33
30.61 0.14810 200.30
30.68 0.14920 200.30
30.68 0.14960 200.26
30.77 0.15000 200.26
30.77 0.15000 200.27
30.87 0.15040 200.27
30.91 0.15000 200.29
30.92 0.15000 200.29
31.01 0.14960 200.30
31.03 0.14920 200.30
31.04 0.14890 200.30
31.12 0.14770 200.34
31.18 0.14700 200.34
31.25 0.14590 200.36
31.28 0.14510 200.36
31.33 0.14400 200.38
31.32 0.14210 200.36
31.35 0.14100 200.36
31.46 0.13910 200.39
31.50 0.13800 200.39
31.51 0.13610 200.40
31.61 0.13420 200.40
31.66 0.13310 200.44
31.66 0.13090 200.41
31.72 0.13050 200.41
31.78 0.12820 200.45
31.83 0.12750 200.45
31.86 0.12600 200.49
31.86 0.12490 200.51
31.98 0.12410 200.51
32.03 0.12260 200.56
32.04 0.12230 200.56
32.10 0.12110 200.60
32.10 0.12000 200.60
32.13 0.12000 200.61
32.20 0.11960 200.61
32.30 0.11890 200.68
32.32 0.11890 200.68
32.33 0.11890 200.71
32.43 0.11890 200.73
32.43 0.11850 200.73
32.52 0.11850 200.71
32.52 0.11850 200.71
32.56 0.11920 200.69
32.60 0.11890 200.69
32.71 0.11920 200.68
32.75 0.12000 200.68
32.78 0.12080 200.64
32.83 0.12080 200.60
32.85 0.12110 200.60
32.93 0.12190 200.58
32.97 0.12260 200.58
33.05 0.12300 200.55
33.02 0.12380 200.55
33.13 0.12410 200.51
33.11 0.12490 200.51
33.23 0.12560 200.49
33.25 0.12680 200.49
33.32 0.12680 200.43
33.35 0.12790 200.43
33.40 0.12860 200.44
33.43 0.12940 200.44
33.44 0.13050 200.40
33.55 0.13090 200.40
33.55 0.13160 200.35
33.59 0.13310 200.31
33.62 0.13350 200.31
33.73 0.13460 200.27
33.80 0.13570 200.27
33.77 0.13650 200.20
33.82 0.13760 200.16
33.88 0.13840 200.16
33.98 0.13880 200.10
34.00 0.14020 200.10
34.04 0.14100 200.05
34.04 0.14210 200.05
34.15 0.14290 200.02
34.20 0.14400 200.02
34.24 0.14510 200.02
34.27 0.14590 200.00
34.34 0.14700 200.00
34.39 0.14850 199.98
34.42 0.14890 199.98
34.48 0.15000 199.99
34.50 0.15150 199.96
34.54 0.15260 199.96
34.62 0.15380 199.96
34.64 0.15450 199.96
